1,1548133950542,-8.06,-3.73,-2.67
1,1548133950543,-8.14,-3.9,-3.3
1,1548133950544,-8.08,-4.19,-3.63
1,1548133950544,-8.08,-4.25,-3.82
1,1548133950544,-8.2,-3.78,-3.69
1,1548133950609,-8.26,-3.9,-3.76
1,1548133950612,-8.28,-3.8,-3.33
1,1548133950613,-8.32,-3.76,-2.69
1,1548133950614,-8.41,-3.92,-2.46
1,1548133950614,-8.3,-3.92,-2.36
1,1548133950615,-8.04,-4.62,-3.24
1,1548133950615,-7.91,-3.32,-2.07
1,1548133950616,-8.02,-3.08,-2.3
1,1548133950683,-8.22,-3.1,-2.2
1,1548133950684,-7.75,-3.08,-2.63
1,1548133950685,-7.87,-2.98,-2.61
1,1548133950693,-7.75,-2.34,-1.64
1,1548133950694,-7.63,-2.34,-1.42
1,1548133950695,-7.57,-2.67,-1.3
1,1548133950696,-7.42,-3.22,-1.32
1,1548133950696,-7.81,-2.46,-1.64
1,1548133950758,-7.85,-1.38,-1.34
1,1548133950759,-7.71,-1.64,-1.75
1,1548133950759,-7.71,-2.32,-1.75
1,1548133950781,-7.42,-4.12,-2.1
1,1548133950782,-7.69,-4.49,-2.07
1,1548133950833,-8.06,-2.75,-0.76
1,1548133950834,-7.94,-1.28,-0.58
1,1548133950843,-8.2,-1.17,-0.37
1,1548133950844,-7.59,-2.24,-0.29
1,1548133950844,-7.05,-4.31,-1.38
1,1548133950844,-7.32,-5.31,-2.01
1,1548133950844,-8.28,-2.03,0.11
1,1548133950845,-8.04,-0.62,0.5
1,1548133950909,-7.87,-1.21,-0.41
1,1548133950929,-7.71,-2.57,-0.52
1,1548133950929,-6.6,-4.55,-0.37
1,1548133950929,-7.61,-4.35,-0.6
1,1548133950930,-8.53,-2.83,0.29
1,1548133950930,-8.57,-1.66,1.23
1,1548133950930,-7.59,-2.18,1.4
1,1548133950931,-7.01,-2.75,1.81
1,1548133950984,-6.54,-3.2,2.12
1,1548133950985,-6.36,-3.8,1.23
1,1548133950986,-7.96,-4.8,0.7
1,1548133950987,-7.87,-3.45,2.16
1,1548133950987,-7.1,-2.57,2.63
1,1548133950988,-6.67,-2.26,2.24
1,1548133950989,-6.42,-2.1,3.26
1,1548133950990,-5.68,-3.06,3.84
1,1548133951059,-5.6,-5.48,4.23
1,1548133951059,-6.48,-7.12,2.44
1,1548133951060,-5.93,-2.77,4.8
1,1548133951081,-6.34,-1.64,4.66
1,1548133951081,-6.58,-1.64,4.12
1,1548133951082,-6.05,-2.1,5.01
1,1548133951082,-5.29,-3.75,5.39
1,1548133951082,-5.37,-7.08,4.64
1,1548133951133,-5.09,-5.37,5.31
1,1548133951135,-5.27,-3.37,5.93
1,1548133951136,-5.8,-2.24,4.7
1,1548133951137,-5.07,-3.86,5.42
1,1548133951137,-4.47,-4.12,6.6
1,1548133951138,-3.88,-3.51,7.14
1,1548133951139,-3.73,-3.84,6.79
1,1548133951139,-4.1,-4.94,6.05
1,1548133951210,-3.3,-4.57,6.38
1,1548133951211,-3.12,-4.7,5.37
1,1548133951232,-3.35,-4.21,5.7
1,1548133951232,-2.79,-2.85,7.34
1,1548133951232,-2.65,-2.91,7.69
1,1548133951233,-2.32,-2.85,7.94
1,1548133951233,-1.97,-3.16,7.48
1,1548133951233,-1.66,-5.17,7.69
1,1548133951284,-1.03,-5.87,7.05
1,1548133951285,-0.85,-4.9,6.66
1,1548133951285,-0.5,-2.71,7.05
1,1548133951286,-1.42,-1.67,7.87
1,1548133951297,-1.05,-2.55,8.88
1,1548133951297,-0.15,-3.61,9.72
1,1548133951297,0.99,-3.67,9.9
1,1548133951359,1.6,-2.48,7.28
1,1548133951359,1.71,-3.33,6.87
1,1548133951360,1.93,-4.06,6.83
1,1548133951360,2.55,-3.43,7.5
1,1548133951360,2.91,-2.2,7.94
1,1548133951360,3.65,-1.38,9.29
1,1548133951361,4.06,-1.38,9.27
1,1548133951435,4.31,-2.12,8.69
1,1548133951436,4.45,-2.79,8.1
1,1548133951437,5.93,-2.07,8.33
1,1548133951437,5.93,-1.77,7.46
1,1548133951438,6.3,-1.05,8.33
1,1548133951439,5.72,-0.95,9.1
1,1548133951439,6.64,-1.17,9.35
1,1548133951455,6.83,-1.13,9.49
1,1548133951586,6.64,-1.07,8.86
1,1548133951586,7.26,-1.19,8.75
1,1548133951586,7.32,-1.66,7.4
1,1548133951586,7.5,-1.19,7.51
1,1548133951587,7.79,-0.52,8.71
1,1548133951659,8.32,-0.29,9.8
1,1548133951666,8.35,0.58,8.47
1,1548133951667,8.84,0.33,7.83
1,1548133951667,8.94,-0.6,6.93
1,1548133951667,11.28,-0.31,6.97
1,1548133951667,11.62,-1.25,6.48
1,1548133951668,11.81,-1.3,5.48
1,1548133951668,11.79,-0.8,5.0
1,1548133951734,12.57,-0.07,5.56
1,1548133951735,12.28,0.15,6.54
1,1548133951736,12.87,-0.5,6.03
1,1548133951737,12.81,-0.64,5.17
1,1548133951737,13.14,-0.11,3.9
1,1548133951738,12.87,-0.17,3.28
1,1548133951738,16.11,-0.31,-0.91
1,1548133951739,15.54,-1.44,1.42
1,1548133951809,15.01,-1.75,2.51
1,1548133951810,14.66,-1.95,2.75
1,1548133951819,15.33,-1.17,2.05
1,1548133951820,15.83,-1.11,2.12
1,1548133951820,15.78,-1.4,1.56
1,1548133951820,15.37,-2.03,-0.58
1,1548133951820,15.76,-2.83,-3.02
1,1548133951821,16.85,-3.26,-2.32
1,1548133951883,15.82,-3.24,-0.95
1,1548133951884,14.47,-3.28,-0.56
1,1548133951884,13.82,-3.08,-0.62
1,1548133951884,14.19,-1.93,-0.64
1,1548133951885,14.16,-1.38,-0.72
1,1548133951905,13.78,-1.05,-0.72
1,1548133951905,13.33,-1.19,-0.89
1,1548133951905,13.2,-3.92,-2.75
1,1548133952036,13.3,-5.17,-2.61
1,1548133952037,13.0,-5.7,-2.22
1,1548133952037,12.46,-5.35,-1.79
1,1548133952037,11.75,-2.34,-1.46
1,1548133952038,11.56,-1.19,-1.34
1,1548133952128,11.56,-0.85,-1.91
1,1548133952128,12.07,-0.85,-2.65
1,1548133952128,11.01,-2.05,-0.89
1,1548133952128,10.42,-2.48,-0.6
1,1548133952128,9.82,-2.81,-0.5
1,1548133952129,9.58,-2.28,-1.56
1,1548133952129,8.98,-2.14,-0.85
1,1548133952129,8.59,-2.2,-0.62
1,1548133952217,8.14,-2.51,-0.62
1,1548133952218,8.53,-3.08,-1.77
1,1548133952218,8.86,-3.0,-1.83
1,1548133952218,8.75,-3.02,-1.66
1,1548133952219,8.35,-3.04,-1.3
1,1548133952219,8.47,-3.2,-1.03
1,1548133952219,8.41,-3.26,-0.62
1,1548133952219,8.28,-3.16,-0.64
1,1548133952265,8.22,-3.24,-0.64
1,1548133952266,8.22,-3.37,-0.68
1,1548133952266,8.39,-3.67,-0.78
1,1548133952266,8.61,-3.78,-0.8
1,1548133952266,8.76,-3.9,-0.87
1,1548133952266,8.94,-3.88,-0.8
1,1548133952266,8.28,-3.28,-0.68
1,1548133952267,8.22,-2.87,-0.8
1,1548133952334,8.26,-2.83,-0.66
1,1548133952335,8.22,-3.12,-1.03
1,1548133952335,8.41,-3.49,-1.91
1,1548133952335,9.39,-3.78,-1.95
1,1548133952335,9.55,-3.78,-1.95
1,1548133952336,9.7,-3.59,-1.77
1,1548133952336,9.49,-3.49,-2.03
1,1548133952336,9.39,-3.59,-2.92
1,1548133952410,9.51,-3.69,-3.3
1,1548133952411,9.78,-3.8,-3.57
1,1548133952412,10.0,-3.84,-3.51
1,1548133952412,9.98,-3.88,-3.08
1,1548133952413,9.76,-3.76,-2.79
1,1548133952413,9.62,-3.71,-2.46
1,1548133952414,9.49,-3.73,-2.48
1,1548133952483,9.72,-3.75,-2.67
1,1548133952484,10.03,-3.76,-2.67
1,1548133952484,10.25,-3.63,-2.34
1,1548133952484,10.21,-3.51,-2.14
1,1548133952485,9.94,-3.43,-2.05
1,1548133952505,9.84,-3.37,-2.16
1,1548133952505,9.82,-3.32,-2.28
1,1548133952505,9.8,-3.33,-2.5
1,1548133952560,9.78,-3.35,-2.63
1,1548133952561,9.72,-3.45,-2.85
1,1548133952571,9.66,-3.45,-2.67
1,1548133952571,9.49,-3.45,-2.57
1,1548133952571,9.29,-3.51,-2.71
1,1548133952572,9.21,-3.24,-2.96
1,1548133952572,9.27,-3.12,-2.96
1,1548133952633,9.33,-3.1,-2.77
1,1548133952634,9.37,-3.14,-2.5
1,1548133952635,9.0,-3.45,-1.93
1,1548133952639,8.8,-3.53,-2.01
1,1548133952640,8.73,-3.57,-2.07
1,1548133952640,8.71,-3.63,-2.07
1,1548133952640,8.78,-3.67,-1.75
1,1548133952640,8.86,-3.61,-1.54
1,1548133952710,8.88,-3.51,-1.3
1,1548133952711,8.86,-3.41,-1.11
1,1548133952712,8.8,-3.12,-0.91
1,1548133952713,8.94,-3.06,-1.09
1,1548133952714,9.64,-3.2,-1.75
1,1548133952715,10.03,-3.3,-1.99
1,1548133952715,10.46,-3.37,-1.69
1,1548133952783,10.52,-3.3,-1.6
1,1548133952785,10.44,-3.16,-1.6
1,1548133952786,10.46,-3.04,-1.66
1,1548133952787,10.56,-3.02,-1.93
1,1548133952787,11.13,-3.24,-2.34
1,1548133952788,11.28,-3.47,-2.44
1,1548133952788,11.32,-3.71,-2.44
1,1548133952789,11.19,-3.86,-2.44
1,1548133952858,10.5,-4.0,-2.28
1,1548133952859,10.19,-3.96,-2.28
1,1548133952859,10.03,-3.88,-2.38
1,1548133952873,10.0,-3.82,-2.44
1,1548133952873,10.11,-3.84,-2.73
1,1548133952874,10.19,-3.8,-2.75
1,1548133952874,10.13,-3.73,-2.87
1,1548133952934,10.03,-3.67,-2.85
1,1548133952940,9.57,-3.3,-2.53
1,1548133952941,9.49,-3.1,-2.34
1,1548133952941,9.47,-2.98,-2.32
1,1548133952941,9.58,-2.98,-2.24
1,1548133952942,9.94,-3.1,-2.03
1,1548133952942,9.76,-3.04,-2.42
1,1548133952942,9.49,-3.04,-2.46
1,1548133953085,9.39,-3.14,-2.34
1,1548133953086,9.45,-3.24,-2.38
1,1548133953086,9.37,-3.22,-2.36
1,1548133953086,9.19,-3.22,-2.42
1,1548133953086,9.04,-3.26,-2.32
1,1548133953159,8.94,-3.37,-2.38
1,1548133953159,9.02,-3.49,-2.28
1,1548133953160,9.02,-3.45,-2.32
1,1548133953161,9.04,-3.41,-2.4
1,1548133953161,9.0,-3.39,-2.42
1,1548133953176,9.14,-3.55,-2.83
1,1548133953177,9.23,-3.55,-2.94
1,1548133953177,9.29,-3.59,-2.91
1,1548133953233,9.19,-3.55,-2.98
1,1548133953233,9.9,-3.67,-3.08
1,1548133953234,10.05,-3.73,-3.1
1,1548133953234,10.25,-3.82,-3.1
1,1548133953234,10.42,-3.98,-3.04
1,1548133953243,10.39,-4.0,-2.91
1,1548133953243,10.01,-3.73,-3.04
1,1548133953243,9.96,-3.67,-3.14
1,1548133953309,10.03,-3.76,-3.18
1,1548133953310,10.17,-3.84,-3.12
1,1548133953310,10.09,-4.14,-2.96
1,1548133953310,9.98,-4.27,-3.0
1,1548133953310,9.84,-4.27,-2.87
1,1548133953311,9.74,-4.21,-2.73
1,1548133953311,9.27,-4.0,-2.65
1,1548133953327,9.08,-3.98,-2.69
1,1548133953383,8.88,-4.0,-2.75
1,1548133953395,8.76,-4.12,-2.85
1,1548133953396,8.51,-4.31,-2.83
1,1548133953396,8.39,-4.29,-2.89
1,1548133953396,8.22,-4.29,-2.96
1,1548133953396,8.06,-4.33,-3.06
1,1548133953396,8.14,-4.55,-2.96
1,1548133953397,8.14,-4.66,-2.81
1,1548133953459,8.08,-4.68,-2.57
1,1548133953459,8.0,-4.74,-2.48
1,1548133953459,7.98,-4.68,-2.28
1,1548133953460,7.98,-4.68,-2.18
1,1548133953460,7.96,-4.72,-2.14
1,1548133953460,7.94,-4.86,-2.14
1,1548133953460,8.02,-5.03,-2.07
1,1548133953464,8.02,-5.27,-1.67
1,1548133953535,7.96,-5.19,-1.32
1,1548133953536,7.81,-5.01,-0.89
1,1548133953537,7.67,-4.68,-0.62
1,1548133953538,7.5,-4.19,-0.64
1,1548133953538,7.61,-4.14,-0.66
1,1548133953539,7.83,-4.16,-0.66
1,1548133953540,8.12,-4.19,-0.68
1,1548133953607,8.41,-4.35,-0.87
1,1548133953609,8.51,-4.45,-1.01
1,1548133953610,8.63,-4.6,-1.15
1,1548133953611,8.69,-4.68,-1.23
1,1548133953612,8.57,-4.64,-1.4
1,1548133953613,8.53,-4.6,-1.52
1,1548133953613,8.51,-4.55,-1.89
1,1548133953614,8.59,-4.57,-2.16
1,1548133953684,8.63,-4.7,-2.55
1,1548133953684,8.71,-4.84,-2.57
1,1548133953684,8.75,-4.88,-2.36
1,1548133953684,8.73,-4.88,-2.18
1,1548133953697,8.71,-4.78,-1.83
1,1548133953697,8.67,-4.57,-1.32
1,1548133953698,8.45,-4.41,-1.66
1,1548133953761,8.22,-4.17,-1.97
1,1548133953762,8.08,-4.02,-1.85
1,1548133953763,8.12,-3.88,-1.79
1,1548133953763,8.39,-3.94,-1.69
1,1548133953764,8.71,-3.94,-1.64
1,1548133953765,8.9,-3.96,-1.62
1,1548133953765,9.08,-4.1,-1.91
1,1548133953766,9.21,-4.02,-1.97
1,1548133953835,9.27,-3.88,-1.93
1,1548133953836,9.41,-3.78,-1.85
1,1548133953836,9.8,-3.57,-1.62
1,1548133953836,10.01,-3.51,-1.75
1,1548133953837,10.21,-3.49,-2.12
1,1548133953837,10.56,-3.55,-2.51
1,1548133953838,11.07,-3.49,-2.94
1,1548133953909,10.89,-3.16,-2.94
1,1548133953910,10.48,-2.79,-2.83
1,1548133953910,10.15,-2.44,-2.94
1,1548133953911,10.11,-2.05,-3.61
1,1548133953932,10.35,-1.91,-3.88
1,1548133953932,10.56,-1.87,-4.16
1,1548133953933,10.7,-1.93,-4.51
1,1548133953933,10.89,-2.18,-4.74
1,1548133953984,11.26,-2.5,-4.6
1,1548133953984,11.4,-2.61,-4.37
1,1548133953984,11.46,-2.67,-4.12
1,1548133953985,11.58,-2.75,-3.92
1,1548133953999,11.67,-2.83,-3.73
1,1548133954000,11.69,-2.94,-3.76
1,1548133954000,11.73,-3.12,-3.78
1,1548133954000,11.71,-3.2,-3.71
1,1548133954064,11.4,-3.22,-3.24
1,1548133954065,11.15,-3.08,-2.96
1,1548133954065,10.46,-2.44,-2.59
1,1548133954065,10.17,-2.22,-2.53
1,1548133954065,9.8,-2.08,-2.48
1,1548133954066,9.76,-2.16,-2.38
1,1548133954066,9.66,-2.16,-2.4
1,1548133954149,9.49,-2.08,-2.4
1,1548133954149,9.16,-1.75,-2.59
1,1548133954150,9.14,-1.69,-2.53
1,1548133954150,9.08,-1.66,-2.61
1,1548133954150,9.08,-1.6,-2.71
1,1548133954150,9.16,-1.4,-2.67
1,1548133954150,9.21,-1.3,-2.57
1,1548133954151,9.19,-1.34,-2.67
1,1548133954215,9.19,-1.46,-3.0
1,1548133954216,9.37,-1.97,-3.37
1,1548133954216,9.68,-1.93,-2.77
1,1548133954216,9.96,-1.54,-1.83
1,1548133954217,10.07,-1.05,-1.4
1,1548133954217,10.11,-0.7,-1.4
1,1548133954217,10.42,-0.76,-2.01
1,1548133954299,10.41,-1.21,-2.51
1,1548133954300,10.19,-1.83,-2.87
1,1548133954300,9.94,-2.46,-3.04
1,1548133954300,10.0,-3.57,-3.3
1,1548133954300,10.03,-3.78,-3.43
1,1548133954301,9.98,-3.75,-3.55
1,1548133954301,9.98,-3.51,-3.63
1,1548133954301,10.03,-2.69,-3.71
1,1548133954359,10.07,-2.3,-3.86
1,1548133954360,10.25,-2.03,-3.88
1,1548133954360,10.48,-1.95,-3.94
1,1548133954361,10.78,-2.53,-4.51
1,1548133954362,11.11,-2.71,-4.21
1,1548133954436,11.36,-2.67,-3.65
1,1548133954436,11.4,-2.57,-3.18
1,1548133954437,11.48,-2.16,-2.94
1,1548133954437,11.66,-2.22,-3.0
1,1548133954437,11.89,-2.51,-2.96
1,1548133954508,12.03,-3.0,-2.53
1,1548133954509,11.97,-3.63,-1.95
1,1548133954586,11.03,-4.45,-0.74
1,1548133954586,10.27,-4.53,-0.62
1,1548133954587,9.47,-4.41,-0.62
1,1548133954587,8.8,-4.21,-0.62
1,1548133954587,8.16,-4.39,-0.85
1,1548133954588,8.14,-4.53,-0.99
1,1548133954588,8.22,-4.66,-0.85
1,1548133954588,7.75,-3.45,-0.64
1,1548133954660,7.4,-3.33,-0.54
1,1548133954662,6.89,-4.12,-0.64
1,1548133954662,6.85,-4.98,-2.51
1,1548133954663,6.89,-4.72,-2.42
1,1548133954664,7.26,-4.37,-1.56
1,1548133954664,7.44,-4.29,-1.11
1,1548133954666,7.57,-4.17,-0.7
1,1548133954666,7.48,-3.96,-0.58
1,1548133954735,7.36,-3.92,-0.48
1,1548133954736,7.46,-4.0,-0.15
1,1548133954737,8.12,-4.12,0.35
1,1548133954738,8.37,-4.21,0.56
1,1548133954738,8.53,-4.31,0.48
1,1548133954739,8.43,-4.49,0.44
1,1548133954740,8.32,-4.57,0.42
1,1548133954809,8.22,-4.55,0.56
1,1548133954809,8.14,-4.49,0.54
1,1548133954809,8.2,-4.47,0.17
1,1548133954810,8.47,-4.6,0.0
1,1548133954810,8.65,-4.74,-0.23
1,1548133954810,8.82,-4.82,-0.42
1,1548133954825,8.88,-4.78,-0.56
1,1548133954826,8.8,-4.76,-0.6
1,1548133954883,8.76,-4.8,-0.64
1,1548133954889,8.8,-4.82,-0.7
1,1548133954890,9.14,-4.72,-1.01
1,1548133954890,9.23,-4.6,-1.09
1,1548133954890,9.33,-4.49,-1.13
1,1548133954890,9.35,-4.43,-1.09
1,1548133954890,9.45,-4.43,-0.95
1,1548133954891,9.55,-4.49,-0.93
1,1548133954960,9.68,-4.57,-0.93
1,1548133954969,9.8,-4.58,-0.93
1,1548133954970,9.98,-4.57,-0.76
1,1548133954970,10.46,-4.55,-0.64
1,1548133954970,10.74,-4.57,-0.64
1,1548133954971,11.15,-4.6,-0.68
1,1548133954971,11.75,-4.7,-0.89
1,1548133954971,13.47,-4.68,-0.64
1,1548133955033,13.94,-4.58,-0.19
1,1548133955034,13.96,-4.53,0.0
1,1548133955034,13.32,-4.6,-0.58
1,1548133955040,11.54,-4.41,-1.32
1,1548133955041,10.46,-4.31,-2.26
1,1548133955041,9.76,-4.21,-3.2
1,1548133955041,9.39,-4.16,-3.76
1,1548133955041,9.14,-4.31,-4.27
1,1548133955108,9.35,-4.31,-3.96
1,1548133955108,9.55,-4.19,-3.39
1,1548133955109,9.49,-3.98,-2.75
1,1548133955109,9.21,-3.14,-1.44
1,1548133955109,9.12,-2.79,-1.3
1,1548133955125,9.17,-2.69,-1.42
1,1548133955125,9.33,-2.85,-1.64
1,1548133955126,9.74,-3.26,-1.95
1,1548133955183,9.78,-3.47,-2.1
1,1548133955184,9.82,-3.57,-2.22
1,1548133955184,9.8,-3.49,-1.99
1,1548133955192,9.66,-3.35,-1.77
1,1548133955192,9.45,-3.02,-1.64
1,1548133955192,9.53,-3.0,-1.64
1,1548133955193,9.51,-3.12,-1.73
1,1548133955261,9.33,-3.39,-1.95
1,1548133955277,8.94,-3.63,-1.48
1,1548133955278,8.69,-3.49,-1.38
1,1548133955278,8.63,-3.43,-1.28
1,1548133955278,8.55,-3.45,-1.56
1,1548133955278,8.8,-3.39,-1.6
1,1548133955279,8.53,-3.61,-1.46
1,1548133955279,8.41,-3.82,-1.01
1,1548133955334,8.1,-4.0,-0.72
1,1548133955335,7.94,-3.39,-0.64
1,1548133955343,8.35,-2.83,-0.66
1,1548133955343,9.04,-2.46,-0.85
1,1548133955344,9.25,-2.32,-1.23
1,1548133955344,9.04,-2.61,-1.23
1,1548133955344,8.73,-3.1,-1.13
1,1548133955410,8.57,-3.55,-1.05
1,1548133955410,8.67,-3.88,-1.5
1,1548133955411,9.0,-3.63,-1.38
1,1548133955411,9.43,-2.55,-0.76
1,1548133955411,9.33,-2.28,-0.66
1,1548133955427,9.29,-2.26,-0.64
1,1548133955428,9.27,-2.5,-0.62
1,1548133955428,9.17,-2.94,-0.6
1,1548133955488,9.19,-3.02,-0.64
1,1548133955488,9.31,-2.94,-0.64
1,1548133955495,9.47,-2.92,-0.6
1,1548133955497,9.62,-2.69,-0.56
1,1548133955498,9.58,-2.55,-0.6
1,1548133955499,9.53,-2.65,-0.62
1,1548133955501,9.62,-2.91,-0.62
1,1548133955564,10.17,-3.3,-0.66
1,1548133955566,10.46,-3.26,-0.64
1,1548133955568,10.54,-3.28,-0.64
1,1548133955569,10.52,-3.33,-0.52
1,1548133955571,10.11,-3.73,-0.37
1,1548133955572,9.92,-3.75,-0.21
1,1548133955573,9.8,-3.67,-0.07
1,1548133955575,9.78,-3.51,0.0
1,1548133955638,9.53,-3.39,-0.48
1,1548133955665,9.31,-3.61,-0.62
1,1548133955666,9.19,-3.84,-0.64
1,1548133955666,9.23,-4.04,-0.64
1,1548133955667,9.33,-4.1,-0.62
1,1548133955667,9.23,-3.41,-0.6
1,1548133955667,8.8,-3.43,-0.66
1,1548133955710,8.43,-3.86,-0.89
1,1548133955711,8.14,-4.16,-1.19
1,1548133955713,7.87,-4.19,-1.34
1,1548133955714,7.79,-4.27,-1.42
1,1548133955714,7.85,-4.19,-1.46
1,1548133955715,7.94,-4.06,-1.89
1,1548133955715,7.94,-4.08,-2.32
1,1548133955716,7.67,-4.08,-2.63
1,1548133955788,7.5,-4.0,-2.71
1,1548133955790,7.51,-4.04,-2.28
1,1548133955792,7.67,-4.6,-1.23
1,1548133955794,7.59,-4.66,-1.4
1,1548133955796,7.65,-4.06,-1.69
1,1548133955798,7.89,-2.96,-1.99
1,1548133955801,8.3,-2.75,-2.26
1,1548133955869,8.49,-4.04,-2.05
1,1548133955872,8.49,-5.33,-1.38
1,1548133955874,8.14,-5.66,-0.7
1,1548133955876,7.71,-3.78,-0.58
1,1548133955877,8.0,-3.1,-0.66
1,1548133955879,8.39,-2.91,-0.97
1,1548133955881,8.84,-2.98,-0.97
1,1548133955883,9.21,-3.08,-0.48
1,1548133955939,8.63,-3.61,0.44
1,1548133955941,7.87,-3.76,0.48
1,1548133955943,7.96,-3.73,-0.15
1,1548133955945,8.53,-3.59,-0.23
1,1548133955946,9.6,-3.32,-0.46
1,1548133955948,9.98,-3.12,-0.85
1,1548133955952,9.9,-2.81,0.01
1,1548133955953,9.37,-2.94,0.25
1,1548133956012,8.84,-3.78,-0.68
1,1548133956012,9.51,-4.12,-1.13
1,1548133956012,10.17,-4.25,-1.54
1,1548133956033,10.66,-4.19,-1.34
1,1548133956033,10.25,-3.92,-1.87
1,1548133956034,10.52,-3.84,-2.2
1,1548133956034,10.39,-3.73,-1.3
1,1548133956085,10.78,-4.72,-1.11
1,1548133956086,10.11,-4.33,-0.58
1,1548133956086,9.8,-4.16,-0.66
1,1548133956086,10.05,-4.12,-1.11
1,1548133956099,10.87,-4.23,-1.44
1,1548133956100,11.66,-3.92,-1.38
1,1548133956100,11.23,-2.87,-0.62
1,1548133956100,10.78,-2.81,-0.15
1,1548133956163,10.35,-2.92,0.64
1,1548133956163,9.94,-3.24,0.48
1,1548133956185,10.83,-4.16,-0.89
1,1548133956185,11.4,-4.27,-1.42
1,1548133956185,11.64,-4.08,-2.05
1,1548133956186,11.71,-3.71,-2.24
1,1548133956186,10.7,-2.91,-0.83
1,1548133956239,10.09,-3.08,-0.66
1,1548133956250,10.09,-3.51,-0.78
1,1548133956250,10.58,-3.67,-0.7
1,1548133956250,10.89,-3.18,-0.62
1,1548133956250,10.48,-3.08,-0.5
1,1548133956251,10.31,-3.1,-0.42
1,1548133956251,10.27,-3.35,-0.27
1,1548133956251,10.31,-3.88,-0.01
1,1548133956310,10.39,-3.84,-0.17
1,1548133956311,10.5,-3.71,-0.48
1,1548133956337,10.54,-3.39,-0.68
1,1548133956338,10.41,-2.69,-0.62
1,1548133956338,10.21,-2.71,-0.52
1,1548133956339,10.19,-3.06,-0.21
1,1548133956339,10.27,-3.47,-0.15
1,1548133956386,10.29,-3.8,-0.11
1,1548133956403,10.6,-3.37,-0.62
1,1548133956403,10.56,-2.79,-0.64
1,1548133956403,10.44,-2.57,-0.66
1,1548133956404,10.68,-2.71,-0.85
1,1548133956404,11.97,-4.14,-2.01
1,1548133956404,14.31,-5.76,-4.86
1,1548133956404,17.3,-6.44,-4.04
1,1548133956460,17.26,-6.54,-0.89
1,1548133956461,10.15,-4.27,1.73
1,1548133956461,7.87,-2.98,2.73
1,1548133956461,7.07,-2.63,9.37
1,1548133956484,8.92,-2.12,3.98
1,1548133956485,10.56,-3.37,-0.62
1,1548133956486,10.13,-3.59,0.44
1,1548133956538,8.47,-3.2,0.64
1,1548133956539,7.91,-2.44,1.19
1,1548133956540,8.63,-2.3,1.66
1,1548133956542,10.19,-2.18,-0.17
1,1548133956543,11.44,-2.07,-1.19
1,1548133956544,10.85,-2.03,-0.37
1,1548133956545,10.39,-1.97,-0.09
1,1548133956546,8.16,-2.24,2.81
1,1548133956614,8.55,-2.96,0.89
1,1548133956616,10.68,-3.41,-0.09
1,1548133956617,11.21,-3.26,1.44
1,1548133956618,9.51,-3.57,0.95
1,1548133956619,10.01,-3.47,1.05
1,1548133956689,10.09,-3.47,0.29
1,1548133956702,10.05,-3.37,-0.01
1,1548133956704,9.57,-2.85,0.5
1,1548133956705,9.41,-2.98,0.62
1,1548133956705,9.51,-3.24,0.7
1,1548133956706,9.7,-3.24,0.97
1,1548133956707,9.39,-2.89,0.58
1,1548133956708,9.31,-2.65,1.17
1,1548133956763,9.6,-2.85,1.58
1,1548133956764,9.29,-4.08,1.42
1,1548133956766,9.31,-3.92,0.99
1,1548133956790,9.47,-4.02,1.52
1,1548133956792,9.33,-4.29,1.91
1,1548133956793,9.17,-4.02,2.55
1,1548133956793,9.25,-4.57,3.3
1,1548133956794,9.33,-5.05,2.73
1,1548133956837,9.86,-4.98,1.83
1,1548133956854,10.56,-4.25,1.03
1,1548133956855,9.94,-3.1,1.6
1,1548133956856,9.53,-3.53,2.22
1,1548133956856,9.41,-4.04,2.46
1,1548133956856,9.27,-3.73,2.71
1,1548133956857,9.16,-2.38,3.41
1,1548133956912,9.19,-2.14,3.08
1,1548133956914,9.39,-1.79,2.91
1,1548133956914,9.53,-1.66,2.48
1,1548133956915,9.35,-2.1,2.26
1,1548133956916,9.14,-2.44,2.26
1,1548133956917,8.33,-2.57,2.87
1,1548133956918,8.76,-3.37,3.04
1,1548133956918,8.61,-3.37,3.02
1,1548133956989,8.75,-2.89,3.22
1,1548133956990,8.8,-2.79,3.28
1,1548133956991,8.94,-2.79,3.37
1,1548133956992,9.55,-3.02,2.65
1,1548133956993,9.16,-3.24,2.77
1,1548133956993,9.02,-3.3,2.96
1,1548133956994,9.51,-3.06,3.0
1,1548133956995,9.72,-2.92,3.47
1,1548133957064,9.47,-3.04,3.35
1,1548133957065,9.55,-2.71,3.35
1,1548133957066,9.19,-2.55,3.51
1,1548133957066,9.1,-2.69,3.26
1,1548133957067,9.29,-2.5,3.69
1,1548133957092,9.19,-2.44,3.69
1,1548133957094,9.29,-2.46,4.0
1,1548133957095,9.21,-2.67,4.08
1,1548133957138,9.55,-3.24,3.76
1,1548133957140,9.51,-3.16,3.8
1,1548133957142,9.47,-2.92,3.1
1,1548133957143,9.78,-2.48,2.77
1,1548133957156,9.41,-1.21,2.57
1,1548133957156,9.49,-1.38,2.89
1,1548133957157,9.49,-1.67,3.35
1,1548133957214,9.33,-1.71,3.69
1,1548133957215,9.19,-1.62,4.1
1,1548133957215,9.1,-1.83,4.57
1,1548133957216,9.43,-2.46,4.84
1,1548133957216,9.55,-3.0,5.23
1,1548133957217,10.27,-2.5,3.98
1,1548133957217,10.39,-1.3,3.2
1,1548133957218,10.31,-0.37,2.77
1,1548133957288,10.25,-0.6,3.18
1,1548133957289,9.82,-1.5,3.75
1,1548133957290,9.08,-2.71,4.78
1,1548133957291,8.82,-2.77,4.84
1,1548133957291,9.14,-2.44,4.92
1,1548133957292,9.66,-2.32,4.68
1,1548133957293,9.49,-2.32,3.94
1,1548133957363,9.43,-2.05,3.71
1,1548133957364,9.51,-1.81,3.8
1,1548133957374,9.51,-1.89,3.75
1,1548133957375,9.31,-2.14,3.45
1,1548133957375,9.16,-1.85,3.37
1,1548133957375,8.84,-1.66,3.37
1,1548133957376,8.75,-1.81,3.43
1,1548133957376,10.29,-3.24,2.34
1,1548133957440,11.54,-4.64,2.63
1,1548133957441,12.08,-5.46,3.1
1,1548133957442,11.97,-5.48,2.75
1,1548133957442,11.44,-3.16,1.05
1,1548133957442,11.6,-1.67,0.6
1,1548133957462,11.95,-0.64,-0.01
1,1548133957464,12.46,-0.13,-0.21
1,1548133957465,12.3,-0.15,0.39
1,1548133957511,11.87,-1.54,1.54
1,1548133957591,12.22,-2.16,1.99
1,1548133957592,12.94,-2.44,1.73
1,1548133957593,13.53,-2.4,1.09
1,1548133957594,13.88,-1.46,0.74
1,1548133957595,13.8,-1.07,0.78
1,1548133957596,13.71,-1.03,1.11
1,1548133957597,13.43,-1.6,1.44
1,1548133957661,14.17,-2.69,1.81
1,1548133957662,14.57,-2.71,1.23
1,1548133957663,14.62,-2.36,0.5
1,1548133957664,13.82,-2.26,0.48
1,1548133957664,13.94,-2.05,0.37
1,1548133957676,13.73,-1.34,-0.13
1,1548133957677,13.76,-1.05,-0.83
1,1548133957677,13.3,-0.89,-0.62
1,1548133957736,12.81,-0.99,-0.68
1,1548133957737,12.12,-1.3,-0.68
1,1548133957738,11.6,-1.56,-0.8
1,1548133957739,11.03,-1.6,-0.89
1,1548133957740,10.35,-1.6,-1.05
1,1548133957740,9.57,-1.58,-1.05
1,1548133957741,9.35,-1.54,-1.19
1,1548133957741,9.12,-1.46,-1.25
1,1548133957815,8.82,-1.26,-1.15
1,1548133957817,8.04,-1.17,-2.01
1,1548133957818,8.59,-0.89,-3.06
1,1548133957820,8.14,-0.52,-1.87
1,1548133957822,7.98,-0.23,-1.87
1,1548133957823,7.89,0.35,-1.58
1,1548133957824,7.92,0.66,-1.54
1,1548133957825,8.0,1.05,-1.42
1,1548133957887,8.12,1.26,-1.34
1,1548133957887,8.26,1.5,-1.25
1,1548133957888,8.24,1.4,-1.25
1,1548133957888,8.16,1.21,-1.09
1,1548133957914,8.14,0.93,-1.03
1,1548133957915,8.12,0.54,-1.09
1,1548133957916,8.2,0.5,-1.05
1,1548133957916,8.33,0.54,-1.07
1,1548133957963,8.41,0.66,-1.05
1,1548133957965,8.53,0.8,-1.01
1,1548133957966,8.8,1.01,-1.01
1,1548133957968,9.04,0.99,-0.99
1,1548133957969,9.27,0.97,-0.87
1,1548133957970,9.14,1.03,-0.72
1,1548133957970,9.25,1.5,-0.66
1,1548133957971,9.41,1.83,-0.62
1,1548133958121,9.78,2.01,-0.62
1,1548133958124,10.09,2.4,-0.66
1,1548133958125,10.82,2.77,-0.74
1,1548133958127,11.19,3.1,-0.91
1,1548133958128,11.36,3.12,-1.07
1,1548133958188,11.58,3.28,-1.07
1,1548133958189,12.18,3.51,-1.56
1,1548133958190,12.53,3.69,-1.75
1,1548133958191,12.87,3.92,-2.36
1,1548133958192,10.72,9.47,-8.1
1,1548133958193,10.78,10.42,-8.16
1,1548133958193,10.64,10.91,-8.49
1,1548133958194,10.66,11.32,-8.51
1,1548133958260,10.39,11.21,-8.06
1,1548133958263,8.55,9.68,-7.63
1,1548133958265,8.02,9.76,-7.65
1,1548133958266,7.5,10.13,-7.48
1,1548133958266,6.83,10.52,-7.38
1,1548133958267,5.15,10.78,-6.64
1,1548133958269,4.33,10.56,-6.48
1,1548133958270,3.53,10.25,-6.52
1,1548133958336,2.85,10.09,-6.44
1,1548133958340,2.01,9.86,-6.19
1,1548133958342,1.6,9.72,-5.91
1,1548133958343,1.46,9.68,-5.99
1,1548133958344,1.26,9.45,-6.01
1,1548133958345,1.11,9.0,-5.93
1,1548133958345,0.56,7.22,-5.01
1,1548133958346,-0.97,6.73,-4.68
1,1548133958418,-1.79,6.46,-4.17
1,1548133958418,-1.56,6.11,-3.73
1,1548133958418,-1.99,5.07,-1.99
1,1548133958419,-1.97,4.27,-1.73
1,1548133958419,-1.85,3.43,-1.3
1,1548133958419,-1.93,2.57,-1.07
1,1548133958419,-2.28,1.81,-0.25
1,1548133958419,-2.79,1.66,0.42
1,1548133958486,-3.12,1.38,0.68
1,1548133958504,-3.53,1.25,0.58
1,1548133958505,-4.39,1.26,0.5
1,1548133958506,-4.72,1.71,1.03
1,1548133958506,-5.13,1.97,1.4
1,1548133958507,-5.17,2.26,2.07
1,1548133958508,-4.78,2.53,3.39
1,1548133958561,-4.55,2.46,2.48
1,1548133958562,-4.14,2.18,2.5
1,1548133958562,-3.88,1.91,3.14
1,1548133958584,-3.78,1.83,3.65
1,1548133958584,-3.61,1.89,4.12
1,1548133958584,-3.53,2.12,5.01
1,1548133958585,-3.57,2.61,4.62
1,1548133958634,-3.61,3.24,4.21
1,1548133958649,-4.25,4.16,2.67
1,1548133958650,-4.51,4.51,2.22
1,1548133958650,-4.57,4.72,2.55
1,1548133958650,-4.62,4.96,3.33
1,1548133958650,-4.8,4.64,4.14
1,1548133958650,-4.92,4.29,4.29
1,1548133958651,-5.05,4.17,4.37
1,1548133958709,-5.27,4.08,4.45
1,1548133958709,-5.64,4.35,5.33
1,1548133958718,-5.6,4.53,5.37
1,1548133958720,-5.13,5.21,4.49
1,1548133958723,-4.98,5.7,4.04
1,1548133958723,-5.27,6.71,3.35
1,1548133958724,-5.68,7.12,3.2
1,1548133958725,-5.93,7.48,3.12
1,1548133958784,-6.13,7.59,3.22
1,1548133958785,-5.95,7.38,3.39
1,1548133958802,-5.01,6.28,4.25
1,1548133958802,-4.7,5.68,4.82
1,1548133958802,-4.68,5.11,5.17
1,1548133958803,-4.82,4.58,5.19
1,1548133958803,-5.42,4.51,5.91
1,1548133958860,-5.5,5.39,5.99
1,1548133958868,-5.37,6.5,5.8
1,1548133958868,-5.09,7.26,5.68
1,1548133958868,-4.39,7.55,4.9
1,1548133958868,-4.16,7.12,4.27
1,1548133958869,-4.0,6.58,3.67
1,1548133958869,-3.9,6.17,3.33
1,1548133958869,-3.61,6.6,3.53
1,1548133958937,-3.39,6.89,3.73
1,1548133958938,-2.77,7.18,3.65
1,1548133958938,-1.87,7.1,3.63
1,1548133958939,-2.85,5.85,3.43
1,1548133958939,-2.83,5.68,3.45
1,1548133958939,-2.87,5.64,3.28
1,1548133958939,-2.69,5.97,3.18
1,1548133958940,-2.59,6.56,3.16
1,1548133959011,-2.63,7.32,2.87
1,1548133959012,-3.14,7.16,2.63
1,1548133959012,-3.63,6.75,2.51
1,1548133959012,-3.94,6.46,2.46
1,1548133959012,-4.12,6.62,2.07
1,1548133959019,-4.08,6.62,1.93
1,1548133959020,-4.02,6.52,1.95
1,1548133959088,-3.92,6.46,2.03
1,1548133959091,-3.67,6.05,2.38
1,1548133959093,-3.53,6.19,2.75
1,1548133959095,-3.32,6.73,2.91
1,1548133959097,-3.04,7.46,2.92
1,1548133959099,-2.63,8.45,2.94
1,1548133959100,-2.32,8.69,2.94
1,1548133959102,-1.95,8.84,2.92
1,1548133959162,-1.5,9.02,2.91
1,1548133959163,-0.64,8.88,2.3
1,1548133959163,-0.09,8.78,1.73
1,1548133959163,0.07,8.9,0.93
1,1548133959164,0.11,9.49,0.01
1,1548133959164,0.11,10.15,-0.62
1,1548133959165,0.52,10.76,-1.11
1,1548133959237,0.62,10.52,-1.66
1,1548133959237,-0.33,10.01,-3.26
1,1548133959237,-0.11,10.13,-4.62
1,1548133959256,-2.36,8.76,-4.17
1,1548133959256,-3.08,8.57,-4.21
1,1548133959256,-3.37,8.78,-4.37
1,1548133959257,-3.53,9.08,-4.14
1,1548133959312,-3.84,10.0,-2.38
1,1548133959327,-4.16,10.01,-1.67
1,1548133959328,-4.62,9.66,-1.21
1,1548133959328,-5.62,8.88,-0.91
1,1548133959328,-7.73,6.93,-0.42
1,1548133959328,-8.82,5.99,-0.09
1,1548133959329,-9.37,5.23,0.01
1,1548133959329,-9.8,5.09,-0.05
1,1548133959386,-9.49,5.58,-0.76
1,1548133959407,-9.39,5.87,-1.79
1,1548133959407,-9.06,5.78,-2.61
1,1548133959408,-6.34,4.27,-3.3
1,1548133959408,-6.09,4.23,-3.96
1,1548133959408,-10.7,4.76,-3.84
1,1548133959408,-16.23,4.92,-3.88
1,1548133959409,-19.02,5.39,-3.84
1,1548133959462,-18.65,6.25,-3.63
1,1548133959463,-13.28,7.46,-2.51
1,1548133959463,-10.58,7.2,-1.52
1,1548133959463,-8.49,6.26,-1.01
1,1548133959474,-6.93,5.01,-0.72
1,1548133959475,-6.52,2.53,-0.6
1,1548133959476,-7.18,2.1,0.13
1,1548133959533,-8.16,2.44,1.23
1,1548133959534,-8.55,3.45,1.54
1,1548133959535,-8.2,5.68,0.97
1,1548133959536,-8.0,6.42,1.01
1,1548133959537,-7.83,6.71,1.32
1,1548133959537,-7.75,6.64,1.93
1,1548133959538,-7.24,5.74,2.94
1,1548133959539,-6.85,5.13,2.83
1,1548133959611,-6.54,4.78,2.85
1,1548133959612,-6.4,4.78,3.0
1,1548133959612,-6.15,5.19,3.02
1,1548133959613,-6.13,5.33,2.91
1,1548133959614,-6.21,5.25,2.65
1,1548133959614,-6.6,5.03,1.97
1,1548133959615,-7.16,4.62,1.58
1,1548133959688,-7.92,4.17,0.44
1,1548133959688,-8.14,4.17,-0.35
1,1548133959688,-8.28,4.16,-0.66
1,1548133959689,-8.28,4.06,-0.64
1,1548133959714,-8.1,3.76,-0.56
1,1548133959715,-8.02,3.49,-0.37
1,1548133959716,-7.89,3.3,-0.17
1,1548133959716,-7.85,3.18,-0.05
1,1548133959765,-8.06,3.2,0.66
1,1548133959794,-8.18,3.43,1.09
1,1548133959794,-7.92,3.73,1.15
1,1548133959795,-7.61,4.08,1.21
1,1548133959795,-7.51,4.37,1.3
1,1548133959795,-7.79,4.16,1.13
1,1548133959796,-8.24,3.98,1.19
1,1548133959796,-8.71,3.8,1.38
1,1548133959834,-9.1,3.63,1.48
1,1548133959836,-8.9,3.88,1.34
1,1548133959859,-8.57,4.23,1.28
1,1548133959860,-8.39,4.76,1.48
1,1548133959860,-8.43,5.13,1.56
1,1548133959860,-9.02,5.33,1.52
1,1548133959860,-9.19,5.27,1.4
1,1548133959912,-9.16,5.27,1.17
1,1548133959933,-8.96,5.23,0.95
1,1548133959933,-8.53,5.21,0.97
1,1548133959933,-8.37,5.21,0.95
1,1548133959934,-8.28,5.23,0.97
1,1548133959934,-8.1,5.15,1.09
1,1548133959934,-8.0,4.96,1.4
1,1548133959934,-8.0,4.9,1.46
1,1548133959985,-8.1,4.8,1.56
1,1548133959994,-8.32,4.64,1.73
1,1548133959996,-7.94,4.7,1.15
1,1548133959998,-8.14,4.92,1.07
1,1548133959999,-8.3,4.92,1.09
1,1548133960000,-8.18,4.72,1.09
1,1548133960002,-7.83,4.43,1.81
1,1548133960062,-7.55,4.27,2.01
1,1548133960078,-7.38,4.12,2.22
1,1548133960079,-7.12,3.96,2.34
1,1548133960079,-6.83,3.9,2.42
1,1548133960079,-6.21,3.92,2.94
1,1548133960080,-6.05,3.84,3.26
1,1548133960080,-6.03,3.8,3.22
1,1548133960080,-5.87,3.8,3.12
1,1548133960136,-4.21,3.59,2.81
1,1548133960136,-3.69,3.37,2.61
1,1548133960136,-3.43,3.18,2.4
1,1548133960146,-3.41,2.96,2.07
1,1548133960146,-3.43,2.5,1.69
1,1548133960146,-3.35,2.26,1.54
1,1548133960147,-3.12,2.08,0.91
1,1548133960212,-2.77,2.18,0.44
1,1548133960212,-2.1,2.53,-0.07
1,1548133960212,-1.99,2.71,-0.13
1,1548133960231,-1.97,2.79,0.33
1,1548133960232,-1.73,2.69,0.52
1,1548133960232,-1.11,2.07,0.97
1,1548133960233,-0.87,1.71,1.17
1,1548133960233,-0.5,1.25,1.48
1,1548133960289,0.03,0.78,2.34
1,1548133960292,0.5,0.31,1.79
1,1548133960293,1.3,0.27,0.13
1,1548133960294,1.81,0.68,-0.54
1,1548133960295,2.48,1.23,-0.85
1,1548133960297,2.42,1.75,-3.86
1,1548133960298,2.46,3.24,-3.61
1,1548133960365,2.98,3.98,-4.06
1,1548133960366,2.91,4.49,-4.62
1,1548133960366,2.69,4.9,-5.0
1,1548133960366,2.75,5.74,-5.76
1,1548133960381,3.1,6.28,-6.19
1,1548133960381,3.53,6.87,-6.25
1,1548133960382,4.49,7.57,-5.66
1,1548133960435,7.85,8.8,-5.58
1,1548133960449,8.96,9.45,-6.36
1,1548133960450,9.92,10.27,-6.95
1,1548133960451,10.82,11.13,-7.08
1,1548133960452,12.61,12.46,-7.38
1,1548133960453,12.91,12.59,-7.63
1,1548133960453,13.18,12.22,-8.18
1,1548133960454,12.26,12.24,-8.2
1,1548133960509,11.52,11.87,-7.87
1,1548133960587,10.13,9.82,-7.07
1,1548133960588,10.17,8.78,-6.56
1,1548133960606,9.76,7.91,-6.11
1,1548133960608,9.76,7.1,-5.68
1,1548133960608,11.34,5.83,-4.72
1,1548133960609,12.46,5.27,-4.27
1,1548133960609,13.63,4.78,-3.78
1,1548133960610,14.41,4.39,-3.51
1,1548133960665,15.48,4.37,-2.79
1,1548133960666,15.27,4.45,-2.36
1,1548133960695,15.37,-2.79,0.72
1,1548133960696,16.83,-3.1,2.16
1,1548133960696,15.66,0.41,0.52
1,1548133960697,14.51,0.99,1.46
1,1548133960697,14.23,0.48,2.92
1,1548133960697,13.39,0.72,2.53
1,1548133960737,12.89,3.43,-2.36
1,1548133960737,13.28,2.28,-1.75
1,1548133960737,13.35,0.95,-1.5
1,1548133960747,13.59,-2.22,-0.56
1,1548133960747,13.75,-2.69,-0.44
1,1548133960747,13.86,-2.65,-0.54
1,1548133960747,13.82,-2.4,-0.6
1,1548133960748,13.61,-2.08,-0.58
1,1548133960811,12.79,-1.62,-0.62
1,1548133960812,12.34,-1.54,-0.64
1,1548133960812,12.08,-1.56,-0.7
1,1548133960813,12.07,-1.6,-0.6
1,1548133960813,12.22,-1.5,0.09
1,1548133960814,12.1,-1.52,0.09
1,1548133960815,11.89,-1.69,-0.09
1,1548133960816,11.71,-2.07,0.07
1,1548133960986,11.21,-3.2,0.5
1,1548133960988,10.64,-3.65,0.54
1,1548133961005,10.03,-4.06,1.05
1,1548133961007,9.31,-4.62,1.15
1,1548133961008,7.44,-6.15,2.3
1,1548133961041,6.95,-6.34,0.78
1,1548133961051,6.62,-6.05,0.95
1,1548133961052,6.21,-5.27,2.42
1,1548133961052,8.41,-3.22,2.12
1,1548133961053,12.14,-1.58,-0.29
1,1548133961053,12.59,-1.62,-0.37
1,1548133961053,14.31,-1.62,-0.76
1,1548133961054,14.88,-1.85,-1.87
1,1548133961110,15.09,-2.14,-3.0
1,1548133961195,11.89,-3.12,-6.09
1,1548133961196,11.23,-2.5,-5.27
1,1548133961196,10.64,-1.99,-4.84
1,1548133961197,10.27,-1.11,-4.53
1,1548133961197,10.35,-0.91,-4.19
1,1548133961261,10.31,-0.99,-3.8
1,1548133961261,10.11,-1.38,-3.86
1,1548133961261,9.14,-3.12,-5.0
1,1548133961262,8.24,-4.06,-5.66
1,1548133961262,4.7,-3.18,-10.41
1,1548133961262,5.42,-1.56,-9.72
1,1548133961263,6.73,0.83,-8.96
1,1548133961263,7.4,2.69,-8.18
1,1548133961413,8.06,6.28,-6.73
1,1548133961414,5.97,7.91,-4.94
1,1548133961414,4.43,6.11,-6.03
1,1548133961414,4.68,5.05,-6.69
1,1548133961414,5.41,4.25,-7.36
1,1548133961483,5.99,3.92,-7.73
1,1548133961558,6.77,2.77,-8.14
1,1548133961633,7.07,2.2,-9.12
1,1548133961635,7.22,1.71,-10.76
1,1548133961636,7.87,0.85,-12.36
1,1548133961655,15.41,-9.98,-4.43
1,1548133961656,14.21,-12.1,-2.32
1,1548133961656,13.92,-14.6,-0.13
1,1548133961656,11.93,-11.66,0.07
1,1548133961657,11.71,-4.23,-4.55
1,1548133961709,17.53,-5.03,17.89
1,1548133961709,14.04,4.62,-3.3
1,1548133961710,13.51,4.31,-3.63
1,1548133961710,12.51,1.95,-2.61
1,1548133961710,11.3,-0.93,-1.42
1,1548133961711,10.15,-3.65,-0.64
1,1548133961711,8.47,-4.76,-0.23
1,1548133961722,7.85,-3.28,-0.19
1,1548133961783,7.44,-1.93,-0.5
1,1548133961789,7.22,-0.74,-0.72
1,1548133961789,7.22,0.48,-1.36
1,1548133961789,7.32,0.25,-1.17
1,1548133961790,7.48,-0.42,-0.93
1,1548133961790,7.69,-0.93,-0.78
1,1548133961790,7.69,-0.91,-0.64
1,1548133961790,7.55,-0.76,-0.62
1,1548133961860,7.5,-0.76,-0.64
1,1548133961861,7.61,-0.82,-0.66
1,1548133961862,8.22,-1.17,-0.68
1,1548133961863,8.63,-1.34,-0.8
1,1548133961863,9.06,-1.4,-0.99
1,1548133961864,9.47,-1.38,-1.28
1,1548133961865,9.78,-1.25,-1.66
1,1548133961866,10.35,-0.68,-2.63
1,1548133961934,10.58,-0.44,-3.06
1,1548133961934,10.83,-0.42,-3.35
1,1548133961934,11.01,-0.52,-3.63
1,1548133961935,11.28,-0.62,-4.1
1,1548133961935,11.28,-0.52,-4.31
1,1548133961935,11.21,-0.33,-4.45
1,1548133961935,11.13,-0.05,-4.51
1,1548133962008,10.8,0.85,-4.16
1,1548133962023,10.54,1.32,-4.0
1,1548133962024,10.39,1.64,-3.73
1,1548133962024,10.0,1.93,-3.06
1,1548133962024,9.33,2.22,-2.28
1,1548133962024,9.16,2.3,-2.08
1,1548133962024,9.1,2.32,-1.99
1,1548133962025,9.0,2.18,-1.97
1,1548133962082,9.06,1.87,-2.16
1,1548133962091,9.16,1.75,-2.22
1,1548133962092,9.27,1.54,-2.22
1,1548133962092,9.37,1.46,-2.22
1,1548133962092,9.47,1.52,-2.22
1,1548133962092,9.66,1.56,-2.12
1,1548133962093,9.72,1.52,-2.08
1,1548133962159,9.76,1.38,-2.08
1,1548133962161,9.84,1.26,-2.1
1,1548133962161,10.11,0.97,-2.12
1,1548133962175,10.21,0.8,-2.16
1,1548133962175,10.29,0.66,-2.1
1,1548133962175,10.31,0.52,-1.97
1,1548133962176,10.31,0.27,-1.69
1,1548133962176,10.31,0.15,-1.58
1,1548133962234,10.29,0.05,-1.44
1,1548133962242,10.37,-0.07,-1.19
1,1548133962242,10.76,-0.33,-0.58
1,1548133962242,11.42,-0.87,0.52
1,1548133962243,12.55,-2.22,2.65
1,1548133962243,12.73,-4.02,5.39
1,1548133962243,13.9,-7.22,4.92
1,1548133962243,14.08,-6.15,3.88
1,1548133962309,13.06,-4.04,2.07
1,1548133962326,11.81,-1.93,1.15
1,1548133962326,10.23,0.89,-1.38
1,1548133962326,9.7,1.6,-1.52
1,1548133962326,8.9,1.66,-1.25
1,1548133962327,10.58,2.08,-5.44
1,1548133962327,10.25,2.65,-1.58
1,1548133962383,10.85,4.68,-0.35
1,1548133962384,10.91,5.78,-0.07
1,1548133962384,11.19,6.17,-0.72
1,1548133962384,11.79,5.58,-1.23
1,1548133962385,13.28,2.3,-2.03
1,1548133962460,13.67,0.83,-2.42
1,1548133962460,14.04,-0.37,-2.53
1,1548133962461,14.29,-0.93,-2.32
1,1548133962461,14.29,-0.87,-1.77
1,1548133962462,14.02,-0.66,-1.87
1,1548133962477,13.73,-0.72,-1.89
1,1548133962477,13.45,-1.01,-1.5
1,1548133962478,13.0,-1.56,-0.62
1,1548133962535,12.89,-1.6,-0.13
1,1548133962537,12.59,-1.44,1.01
1,1548133962538,11.93,-1.54,2.18
1,1548133962539,11.56,-1.79,2.08
1,1548133962540,11.52,-2.1,4.16
1,1548133962541,10.93,-2.48,4.08
1,1548133962543,11.21,-2.48,3.2
1,1548133962543,11.79,-1.07,2.73
1,1548133962608,12.28,0.05,2.28
1,1548133962613,13.02,1.52,1.19
1,1548133962613,13.33,2.32,0.91
1,1548133962613,13.32,4.02,-0.76
1,1548133962613,12.81,4.72,-0.56
1,1548133962614,12.55,5.56,-0.76
1,1548133962614,12.42,6.34,-1.03
1,1548133962614,12.73,7.5,-1.34
1,1548133962684,12.87,7.65,-1.25
1,1548133962685,12.79,7.55,-0.8
1,1548133962685,12.24,6.73,-0.01
1,1548133962685,11.26,5.99,1.09
1,1548133962685,10.83,5.89,1.54
1,1548133962686,10.54,6.03,1.91
1,1548133962686,10.41,6.3,1.93
1,1548133962686,10.5,6.75,1.93
1,1548133962758,10.31,7.03,1.69
1,1548133962759,10.07,7.26,1.58
1,1548133962759,9.7,7.36,1.77
1,1548133962763,8.69,7.53,2.16
1,1548133962763,8.35,7.94,2.2
1,1548133962763,8.2,8.49,2.05
1,1548133962763,7.87,9.35,1.85
1,1548133962834,7.53,10.09,1.52
1,1548133962847,6.6,11.17,0.62
1,1548133962848,6.21,11.44,0.5
1,1548133962848,5.42,11.64,0.97
1,1548133962848,4.51,11.67,0.87
1,1548133962848,3.24,10.56,1.26
1,1548133962849,2.71,9.82,1.62
1,1548133962849,2.16,9.25,1.85
1,1548133962909,1.85,8.86,2.08
1,1548133962911,1.01,8.67,1.99
1,1548133962912,0.5,8.57,2.32
1,1548133962912,0.13,8.49,2.18
1,1548133962913,-0.68,8.3,1.93
1,1548133962913,-1.28,8.02,1.73
1,1548133962914,-1.52,7.61,1.71
1,1548133962985,-1.52,7.46,1.75
1,1548133962987,-1.56,7.32,1.93
1,1548133962988,-1.73,7.18,2.48
1,1548133962988,-1.73,7.05,2.3
1,1548133962989,-1.83,6.73,1.99
1,1548133962989,-1.95,6.25,2.07
1,1548133962990,-2.01,5.76,2.36
1,1548133962990,-2.46,4.94,3.14
1,1548133963058,-2.57,4.64,3.55
1,1548133963065,-2.53,4.39,3.88
1,1548133963065,-2.46,4.08,3.59
1,1548133963065,-2.69,3.02,2.92
1,1548133963066,-2.67,2.28,2.65
1,1548133963066,-2.63,1.77,2.85
1,1548133963066,-2.59,1.17,3.32
1,1548133963066,-3.2,-0.76,3.63
1,1548133963133,-3.61,-1.5,3.59
1,1548133963149,-4.02,-1.99,3.39
1,1548133963149,-4.72,-2.08,3.41
1,1548133963149,-5.35,-1.83,3.16
1,1548133963150,-5.5,-1.73,2.61
1,1548133963150,-5.21,-1.48,2.55
1,1548133963150,-4.88,-1.25,2.96
1,1548133963209,-5.03,-1.75,4.41
1,1548133963217,-5.05,-2.36,4.86
1,1548133963218,-4.98,-3.14,5.13
1,1548133963218,-5.0,-3.67,5.19
1,1548133963218,-4.66,-4.19,5.17
1,1548133963219,-4.53,-4.14,4.98
1,1548133963219,-4.51,-3.88,5.05
1,1548133963219,-4.47,-3.49,5.31
1,1548133963283,-4.17,-3.33,6.03
1,1548133963285,-3.75,-3.24,7.44
1,1548133963301,-3.76,-3.32,8.28
1,1548133963302,-3.9,-3.04,8.35
1,1548133963303,-4.04,-2.53,8.61
1,1548133963303,-3.73,-0.97,8.67
1,1548133963303,-3.39,-0.29,9.17
1,1548133963358,-3.02,-0.15,9.84
1,1548133963360,-2.98,-0.27,9.86
1,1548133963362,-3.08,0.05,9.08
1,1548133963363,-3.18,0.21,8.8
1,1548133963364,-3.33,0.21,9.04
1,1548133963364,-3.43,0.37,9.06
1,1548133963365,-3.53,0.72,8.86
1,1548133963365,-3.39,1.05,8.84
1,1548133963434,-3.33,1.25,8.67
1,1548133963435,-3.45,1.26,8.22
1,1548133963436,-3.61,0.89,8.39
1,1548133963436,-3.63,0.48,8.37
1,1548133963436,-3.69,0.01,8.1
1,1548133963437,-3.69,0.03,8.02
1,1548133963437,-3.65,0.46,8.08
1,1548133963508,-3.49,1.69,7.34
1,1548133963508,-3.35,1.97,6.23
1,1548133963519,-3.3,2.46,5.41
1,1548133963519,-3.26,3.16,5.41
1,1548133963519,-3.49,4.16,6.6
1,1548133963519,-3.84,4.12,7.55
1,1548133963520,-4.0,3.53,8.71
1,1548133963520,-4.43,2.2,9.35
1,1548133963586,-4.21,0.03,8.49
1,1548133963587,-3.65,0.29,7.87
1,1548133963587,-3.47,1.34,7.46
1,1548133963587,-3.94,2.07,7.14
1,1548133963588,-5.62,3.43,6.97
1,1548133963588,-6.13,3.69,7.18
1,1548133963588,-6.28,3.28,7.34
1,1548133963657,-5.97,2.38,7.44
1,1548133963658,-5.52,1.38,8.33
1,1548133963670,-5.83,0.76,8.53
1,1548133963671,-6.19,0.29,8.35
1,1548133963671,-6.54,0.29,8.18
1,1548133963671,-6.52,0.48,7.96
1,1548133963672,-6.34,0.87,7.65
1,1548133963672,-6.25,1.23,7.81
1,1548133963810,-6.11,1.5,7.94
1,1548133963811,-5.95,1.6,8.0
1,1548133963812,-5.37,0.76,8.49
1,1548133963813,-5.56,-0.6,8.88
1,1548133963814,-5.7,-1.95,9.19
1,1548133963885,-5.85,-3.18,9.41
1,1548133963886,-5.83,-4.29,9.33
1,1548133963886,-5.42,-4.17,9.1
1,1548133963886,-4.94,-3.61,8.71
1,1548133963886,-3.12,-9.47,4.76
1,1548133963887,-3.0,-8.96,4.27
1,1548133963887,-3.43,-9.64,4.62
1,1548133963887,-4.02,-11.56,4.82
1,1548133963960,-3.67,-11.97,5.58
1,1548133963961,-2.34,-11.05,4.72
1,1548133963962,-1.67,-10.35,4.55
1,1548133963963,-1.56,-10.62,4.64
1,1548133963964,-1.91,-10.15,4.74
1,1548133963964,-2.44,-9.96,4.58
1,1548133963966,-2.98,-8.37,3.39
1,1548133963967,-2.51,-8.02,2.61
1,1548133964034,-2.05,-8.37,2.57
1,1548133964034,-2.4,-9.35,2.83
1,1548133964035,-3.18,-9.06,2.51
1,1548133964035,-2.85,-8.28,2.05
1,1548133964035,-2.03,-7.67,1.69
1,1548133964035,-1.62,-7.55,0.78
1,1548133964036,-1.91,-8.67,1.67
1,1548133964036,-2.55,-8.51,2.05
1,1548133964110,-2.92,-8.69,2.24
1,1548133964123,-3.24,-8.61,2.01
1,1548133964123,-3.45,-6.79,0.8
1,1548133964123,-3.94,-6.83,0.54
1,1548133964123,-4.1,-7.69,0.23
1,1548133964123,-4.49,-9.02,0.25
1,1548133964124,-4.68,-9.94,0.46
1,1548133964124,-2.87,-12.42,0.29
1,1548133964184,-2.28,-14.14,0.52
1,1548133964185,-2.4,-15.37,1.13
1,1548133964186,-2.65,-16.69,2.03
1,1548133964187,-3.3,-17.57,3.28
1,1548133964187,-3.35,-17.81,4.08
1,1548133964188,-3.59,-17.44,4.33
1,1548133964189,-3.94,-16.79,4.74
1,1548133964189,-4.72,-15.95,5.27
1,1548133964262,-5.21,-15.6,5.33
1,1548133964263,-5.7,-15.05,5.33
1,1548133964263,-5.95,-14.45,5.31
1,1548133964333,-6.21,-13.41,4.96
1,1548133964336,-7.08,-12.55,4.64
1,1548133964337,-7.59,-11.81,4.37
1,1548133964338,-7.75,-11.3,4.45
1,1548133964338,-8.26,-10.33,4.14
1,1548133964339,-8.94,-9.78,4.0
1,1548133964339,-9.35,-9.25,3.8
1,1548133964340,-9.41,-8.69,3.92
1,1548133964497,-9.29,-7.18,4.02
1,1548133964497,-9.21,-6.5,3.9
1,1548133964497,-9.41,-5.21,3.86
1,1548133964498,-9.08,-5.58,4.19
1,1548133964498,-8.84,-5.29,3.94
1,1548133964589,-8.59,-4.53,3.9
1,1548133964590,-8.53,-3.55,3.63
1,1548133964590,-8.16,-1.3,3.33
1,1548133964590,-7.89,-0.99,3.51
1,1548133964590,-7.75,-0.95,3.73
1,1548133964590,-5.46,0.68,5.01
1,1548133964591,-5.44,0.87,5.62
1,1548133964591,-5.31,0.37,7.38
1,1548133964653,-5.42,0.07,7.63
1,1548133964654,-4.82,0.89,6.95
1,1548133964654,-4.74,0.91,6.79
1,1548133964654,-4.7,0.41,6.75
1,1548133964655,-4.64,0.15,7.03
1,1548133964655,-3.33,0.78,7.61
1,1548133964655,-2.79,1.38,7.96
1,1548133964655,-2.96,1.6,8.22
1,1548133964741,-3.43,1.38,7.81
1,1548133964742,-3.55,1.38,5.52
1,1548133964742,-3.49,1.77,5.19
1,1548133964742,-3.43,2.89,5.37
1,1548133964742,-3.63,4.02,6.25
1,1548133964743,-3.8,5.05,7.81
1,1548133964743,-4.0,4.66,8.47
1,1548133964743,-4.51,3.24,8.51
1,1548133964806,-4.9,1.77,8.45
1,1548133964807,-4.58,-0.31,8.37
1,1548133964807,-4.84,-1.28,8.18
1,1548133964807,-5.03,-1.64,7.79
1,1548133964807,-5.46,-0.87,7.36
1,1548133964808,-6.77,1.19,6.26
1,1548133964808,-7.42,1.85,6.03
1,1548133964897,-7.96,2.08,6.23
1,1548133964898,-8.24,2.1,6.48
1,1548133964898,-8.18,1.85,6.91
1,1548133964898,-7.73,0.0,8.18
1,1548133964898,-7.48,-1.07,8.92
1,1548133964898,-7.07,-1.85,9.43
1,1548133964898,-6.38,-2.18,9.92
1,1548133964899,-5.52,-2.07,10.15
1,1548133964963,-5.52,-1.54,9.84
1,1548133964963,-5.48,-0.91,9.51
1,1548133964963,-5.42,-0.42,9.47
1,1548133964964,-5.41,-2.24,9.78
1,1548133964964,-5.74,-4.58,10.66
1,1548133964964,-6.21,-6.21,11.15
1,1548133964964,-6.21,-6.5,10.5
1,1548133964964,-4.82,-4.9,7.96
1,1548133965008,-4.06,-3.88,7.12
1,1548133965009,-3.55,-3.3,6.69
1,1548133965010,-3.26,-3.26,6.36
1,1548133965083,-2.67,-4.43,6.25
1,1548133965083,-2.36,-4.9,5.99
1,1548133965098,-2.08,-5.11,5.64
1,1548133965099,-1.83,-5.07,5.07
1,1548133965099,-1.66,-4.76,4.31
1,1548133965100,-1.85,-5.0,3.08
1,1548133965100,-1.85,-5.72,2.77
1,1548133965100,-1.99,-6.6,2.83
1,1548133965159,-1.89,-7.55,2.69
1,1548133965160,-1.87,-7.94,2.2
1,1548133965161,-1.17,-8.69,0.33
1,1548133965161,-1.36,-10.85,0.58
1,1548133965162,-1.19,-12.2,1.32
1,1548133965162,-0.46,-12.83,1.93
1,1548133965163,0.31,-13.3,2.55
1,1548133965163,1.15,-13.94,2.91
1,1548133965234,1.03,-14.62,3.32
1,1548133965271,0.13,-14.76,3.37
1,1548133965271,-0.72,-14.62,3.53
1,1548133965272,-1.69,-15.37,4.58
1,1548133965272,-1.79,-15.68,5.25
1,1548133965272,-2.18,-15.66,5.58
1,1548133965272,-2.96,-15.44,5.74
1,1548133965272,-3.73,-15.05,6.11
1,1548133965308,-4.19,-14.53,7.03
1,1548133965313,-4.25,-14.23,7.44
1,1548133965313,-4.23,-13.55,6.97
1,1548133965313,-4.21,-12.48,6.34
1,1548133965314,-5.0,-9.92,5.29
1,1548133965314,-6.54,-8.16,5.23
1,1548133965314,-7.46,-7.91,5.89
1,1548133965314,-8.26,-7.85,6.21
1,1548133965384,-9.33,-7.26,6.54
1,1548133965385,-9.74,-6.83,6.46
1,1548133965397,-10.0,-6.38,6.11
1,1548133965397,-10.21,-5.7,5.7
1,1548133965398,-10.66,-4.55,5.05
1,1548133965398,-10.82,-3.76,5.07
1,1548133965398,-10.66,-2.96,5.35
1,1548133965398,-10.35,-2.59,5.58
1,1548133965536,-10.01,-2.94,5.66
1,1548133965537,-9.35,-2.77,5.27
1,1548133965537,-8.47,-2.03,4.76
1,1548133965537,-7.77,-1.09,4.57
1,1548133965537,-7.63,0.05,4.58
1,1548133965608,-8.41,1.52,4.84
1,1548133965608,-8.84,1.79,4.64
1,1548133965609,-9.06,1.87,4.8
1,1548133965615,-8.92,1.66,5.09
1,1548133965616,-8.26,0.0,5.27
1,1548133965764,-7.89,3.06,4.49
1,1548133965765,-7.65,3.2,4.35
1,1548133965765,-7.18,3.32,5.03
1,1548133965765,-7.22,2.65,5.99
1,1548133965766,-6.87,3.63,5.09
1,1548133965835,-6.91,3.59,4.96
1,1548133965835,-6.25,3.35,4.72
1,1548133965836,-5.91,3.02,4.92
1,1548133965836,-5.5,2.71,5.6
1,1548133965836,-5.25,2.3,6.17
1,1548133965836,-2.32,4.47,7.3
1,1548133965836,-2.51,4.33,7.91
1,1548133965837,-2.67,4.1,8.14
1,1548133965909,-2.53,4.17,8.35
1,1548133965910,-5.25,3.3,6.64
1,1548133965917,-5.97,2.24,6.64
1,1548133965918,-6.48,1.46,7.03
1,1548133965918,-6.79,0.56,7.87
1,1548133965918,-6.91,-0.62,7.87
1,1548133965918,-6.66,-0.27,7.48
1,1548133965918,-6.75,0.72,7.36
1,1548133965983,-7.26,1.66,7.1
1,1548133965984,-8.02,1.93,6.81
1,1548133965984,-8.71,2.28,7.14
1,1548133965985,-7.92,1.87,8.06
1,1548133965985,-7.5,1.34,8.57
1,1548133965985,-7.22,0.54,8.9
1,1548133966002,-6.58,0.13,9.9
1,1548133966002,-6.38,0.56,9.96
1,1548133966058,-6.36,1.13,9.76
1,1548133966059,-6.56,1.42,9.31
1,1548133966060,-6.54,0.78,8.59
1,1548133966060,-6.46,0.05,8.3
1,1548133966060,-6.23,-0.5,8.2
1,1548133966068,-5.95,-1.52,8.55
1,1548133966069,-6.01,-4.92,9.62
1,1548133966133,-6.05,-6.64,10.09
1,1548133966133,-5.76,-7.77,10.5
1,1548133966134,-5.15,-7.79,10.54
1,1548133966134,-4.8,-6.93,10.15
1,1548133966134,-5.09,-6.66,9.33
1,1548133966138,-5.15,-5.89,8.33
1,1548133966138,-5.07,-4.9,7.67
1,1548133966138,-4.96,-4.12,7.2
1,1548133966208,-4.45,-3.28,6.97
1,1548133966220,-4.14,-3.49,6.99
1,1548133966220,-3.92,-4.1,7.14
1,1548133966220,-3.55,-4.51,7.14
1,1548133966221,-2.92,-4.08,6.64
1,1548133966221,-3.0,-3.67,6.01
1,1548133966221,-3.41,-3.33,5.58
1,1548133966221,-3.86,-3.1,5.21
1,1548133966283,-3.94,-3.49,4.55
1,1548133966285,-3.8,-3.94,4.35
1,1548133966286,-3.49,-4.37,4.1
1,1548133966286,-3.22,-4.49,3.82
1,1548133966291,-2.85,-5.54,3.2
1,1548133966292,-2.92,-6.36,2.94
1,1548133966306,-2.85,-6.91,2.65
1,1548133966359,-2.79,-7.51,2.4
1,1548133966371,-3.04,-8.37,1.67
1,1548133966371,-3.1,-8.84,1.34
1,1548133966371,-3.02,-9.06,0.97
1,1548133966371,-2.75,-9.43,0.93
1,1548133966372,-2.24,-10.44,0.66
1,1548133966372,-1.91,-10.99,0.62
1,1548133966372,-1.34,-11.23,0.5
1,1548133966437,-0.66,-11.46,0.07
1,1548133966437,-0.23,-11.99,0.19
1,1548133966437,0.31,-12.51,0.15
1,1548133966437,0.52,-12.44,0.0
1,1548133966438,0.52,-12.18,-0.05
1,1548133966438,0.41,-11.95,-0.15
1,1548133966438,0.15,-11.4,0.07
1,1548133966586,0.07,-10.91,0.13
1,1548133966587,-0.03,-10.39,0.25
1,1548133966587,-0.05,-9.8,0.41
1,1548133966588,0.21,-8.51,0.8
1,1548133966588,0.37,-7.75,0.91
1,1548133966659,0.52,-6.85,0.89
1,1548133966659,0.78,-6.03,0.83
1,1548133966674,1.13,-4.55,0.66
1,1548133966674,1.15,-3.92,0.66
1,1548133966674,1.13,-3.28,0.8
1,1548133966675,2.59,-0.76,1.99
1,1548133966675,3.75,0.54,1.69
1,1548133966675,6.23,3.67,2.1
1,1548133966739,7.87,5.23,1.62
1,1548133966740,7.85,7.75,3.86
1,1548133966740,8.26,8.02,4.04
1,1548133966740,10.83,10.91,3.94
1,1548133966741,11.69,11.83,2.12
1,1548133966741,12.26,12.14,0.48
1,1548133966741,12.79,12.4,-0.35
1,1548133966741,13.53,13.37,-0.95
1,1548133966808,13.45,13.9,-0.5
1,1548133966809,13.02,14.41,-0.17
1,1548133966809,12.57,14.7,0.11
1,1548133966824,13.88,15.11,1.21
1,1548133966825,14.78,15.46,2.05
1,1548133966825,15.15,15.7,2.77
1,1548133966825,15.17,15.5,3.18
1,1548133966825,16.19,12.91,3.32
1,1548133966885,17.55,11.38,2.83
1,1548133966885,19.29,10.58,1.85
1,1548133966885,20.97,10.39,0.21
1,1548133966892,22.22,10.62,-0.8
1,1548133966892,23.75,10.19,-2.94
1,1548133966893,22.24,8.51,-4.64
1,1548133966893,20.17,6.15,-4.66
1,1548133966909,19.57,3.82,-9.49
1,1548133966959,13.8,-2.69,-5.7
1,1548133966960,12.67,-6.77,-5.33
1,1548133966962,12.36,-10.78,-4.68
1,1548133966962,12.55,-13.08,-3.53
1,1548133966963,12.98,-10.62,-3.1
1,1548133966963,13.55,-8.1,-3.57
1,1548133966964,14.14,-6.64,-4.02
1,1548133966964,14.16,-6.11,-3.84
1,1548133967033,12.79,-6.25,-2.87
1,1548133967033,11.97,-6.09,-2.44
1,1548133967034,11.21,-5.72,-2.01
1,1548133967110,10.72,-5.37,-1.58
1,1548133967111,10.58,-4.29,-0.56
1,1548133967111,11.25,-3.69,-0.07
1,1548133967111,11.48,-2.63,0.6
1,1548133967111,11.93,-1.09,1.54
1,1548133967127,11.58,0.21,2.2
1,1548133967127,10.82,2.03,1.62
1,1548133967127,10.11,2.3,1.46
1,1548133967261,9.33,2.48,2.4
1,1548133967261,8.35,1.99,3.2
1,1548133967262,8.88,-2.77,1.17
1,1548133967262,9.31,-4.41,0.37
1,1548133967262,9.37,-5.99,-0.99
1,1548133967334,8.47,-5.95,-1.25
1,1548133967335,9.41,-5.07,-6.66
1,1548133967336,7.5,-4.31,-4.9
1,1548133967336,6.64,-1.56,-6.32
1,1548133967337,6.5,-0.46,-6.64
1,1548133967337,8.33,4.92,-6.44
1,1548133967338,7.85,4.21,-5.33
1,1548133967338,8.0,4.33,-4.02
1,1548133967411,8.47,4.45,-3.22
1,1548133967411,7.61,2.89,-0.46
1,1548133967411,6.52,1.4,-0.21
1,1548133967412,6.77,0.62,-0.01
1,1548133967412,7.32,0.07,-0.11
1,1548133967413,7.71,-0.33,-0.64
1,1548133967414,8.0,-0.68,-1.3
1,1548133967414,8.1,-0.87,-2.16
1,1548133967484,8.22,-1.03,-1.89
1,1548133967485,8.22,-1.03,-1.77
1,1548133967486,8.24,-0.78,-1.34
1,1548133967499,8.1,-0.64,-1.26
1,1548133967500,8.02,-0.48,-1.11
1,1548133967500,7.92,-0.42,-0.87
1,1548133967500,7.63,-0.76,-0.62
1,1548133967501,7.48,-1.17,-0.6
1,1548133967558,7.12,-1.62,-0.29
1,1548133967558,6.48,-2.03,-0.29
1,1548133967559,6.03,-2.22,1.54
1,1548133967560,5.44,-2.65,-0.19
1,1548133967561,5.13,-2.92,1.42
1,1548133967561,5.8,-3.0,0.23
1,1548133967562,7.57,-2.92,-0.21
1,1548133967562,9.84,-3.24,-0.93
1,1548133967646,10.54,-3.28,-1.13
1,1548133967646,11.13,-3.49,-2.63
1,1548133967647,11.56,-3.59,-4.47
1,1548133967647,11.87,-3.76,-5.23
1,1548133967647,12.28,-3.86,-5.95
1,1548133967647,12.94,-3.9,-6.73
1,1548133967647,13.57,-3.88,-7.59
1,1548133967648,14.37,-3.49,-9.31
1,1548133967714,13.78,-3.12,-9.62
1,1548133967714,12.75,-2.79,-9.68
1,1548133967714,11.64,-2.46,-9.31
1,1548133967715,10.87,-0.74,-9.33
1,1548133967715,10.58,0.46,-9.29
1,1548133967715,9.98,1.85,-8.96
1,1548133967715,9.66,3.18,-8.45
1,1548133967715,9.43,4.74,-7.79
1,1548133967797,8.67,7.1,-4.04
1,1548133967797,7.89,8.32,-1.56
1,1548133967798,7.4,9.64,-0.35
1,1548133967798,7.42,10.62,0.54
1,1548133967798,8.35,10.11,1.67
1,1548133967798,8.45,8.51,0.7
1,1548133967798,8.24,6.54,0.27
1,1548133967864,8.14,5.23,-0.52
1,1548133967865,8.98,3.69,-4.55
1,1548133967865,9.14,3.24,-4.68
1,1548133967865,10.25,3.02,-5.5
1,1548133967865,10.52,2.67,-6.38
1,1548133967865,11.26,2.2,-6.71
1,1548133967866,11.99,1.97,-7.14
1,1548133967933,13.57,1.79,-5.7
1,1548133967950,14.72,1.54,0.58
1,1548133967951,20.0,6.07,1.73
1,1548133967951,22.36,8.3,0.17
1,1548133967951,21.87,6.21,-2.01
1,1548133967951,19.96,0.21,-4.7
1,1548133967952,14.04,-9.31,-5.74
1,1548133967952,11.44,-10.93,-3.82
1,1548133968008,7.71,-9.94,-0.58
1,1548133968009,6.91,-7.83,-0.6
1,1548133968017,6.97,-5.37,-0.54
1,1548133968018,8.96,-2.08,-0.72
1,1548133968018,9.92,-1.3,-0.64
1,1548133968018,10.05,-1.05,-0.56
1,1548133968018,9.62,-1.05,-0.21
1,1548133968019,8.14,-1.17,0.56
1,1548133968084,7.44,-1.44,0.48
1,1548133968086,6.69,-1.48,1.28
1,1548133968086,7.03,-1.32,1.64
1,1548133968086,8.37,-1.17,-0.64
1,1548133968087,8.96,-1.17,-0.62
1,1548133968087,9.14,-1.26,-0.66
1,1548133968087,8.98,-1.38,-0.7
1,1548133968160,8.84,-1.5,-2.1
1,1548133968161,8.9,-1.34,-1.81
1,1548133968163,9.23,-1.25,-2.3
1,1548133968163,9.53,-1.19,-2.73
1,1548133968164,9.98,-0.95,-3.28
1,1548133968165,10.0,-0.83,-3.32
1,1548133968165,10.0,-0.83,-3.39
1,1548133968166,10.09,-0.72,-3.51
1,1548133968311,10.31,-0.58,-3.55
1,1548133968312,10.97,-0.01,-3.82
1,1548133968312,11.28,0.41,-3.84
1,1548133968312,11.52,0.97,-3.9
1,1548133968313,11.66,1.52,-3.96
1,1548133968386,11.58,2.16,-3.94
1,1548133968386,11.42,2.48,-3.9
1,1548133968386,11.09,2.67,-3.86
1,1548133968386,10.72,2.71,-3.78
1,1548133968387,9.94,2.4,-3.55
1,1548133968387,8.49,1.05,-2.14
1,1548133968387,8.49,0.82,-2.1
1,1548133968387,8.73,0.42,-2.01
1,1548133968469,8.9,0.35,-2.05
1,1548133968469,10.25,0.35,-2.12
1,1548133968470,10.48,0.27,-2.14
1,1548133968470,10.64,0.25,-2.14
1,1548133968472,10.87,0.33,-2.08
1,1548133968473,11.09,0.54,-1.99
1,1548133968474,11.09,0.62,-1.87
1,1548133968474,11.05,0.76,-1.75
1,1548133968541,10.93,0.82,-1.67
1,1548133968542,10.68,0.87,-1.48
1,1548133968542,10.46,0.87,-1.42
1,1548133968543,10.27,0.87,-1.38
1,1548133968543,10.11,0.89,-1.26
1,1548133968544,10.05,0.95,-0.95
1,1548133968544,10.33,1.17,-0.62
1,1548133968545,10.54,1.38,-0.33
1,1548133968631,10.58,1.6,0.29
1,1548133968632,10.44,1.79,2.55
1,1548133968633,9.86,1.81,6.3
1,1548133968633,9.43,1.5,6.21
1,1548133968634,10.23,0.54,3.57
1,1548133968634,11.66,-1.23,2.32
1,1548133968635,15.76,-5.89,0.37
1,1548133968635,17.07,-7.34,1.13
1,1548133968684,15.74,-7.1,1.4
1,1548133968686,13.82,-6.66,1.01
1,1548133968686,10.95,-4.88,0.09
1,1548133968687,10.56,-3.63,-0.39
1,1548133968688,10.74,-2.51,-0.68
1,1548133968689,11.11,-1.75,-0.93
1,1548133968690,11.34,-0.91,-1.67
1,1548133968691,11.15,-0.64,-1.91
1,1548133968763,10.95,-0.39,-2.12
1,1548133968764,10.7,-0.21,-2.12
1,1548133968764,10.19,0.21,-1.36
1,1548133968764,10.85,0.56,-3.76
1,1548133968764,10.33,0.82,-2.36
1,1548133968764,10.31,1.07,-2.42
1,1548133968765,10.29,1.28,-2.14
1,1548133968839,10.25,1.26,-1.81
1,1548133968839,10.03,1.3,-1.42
1,1548133968839,9.55,1.28,-1.26
1,1548133968840,8.98,1.11,-1.03
1,1548133968840,8.71,0.95,-0.97
1,1548133968840,8.53,0.72,-0.91
1,1548133968840,8.41,0.5,-0.87
1,1548133968840,8.12,0.31,-0.85
1,1548133968937,7.48,-0.01,-1.11
1,1548133968937,7.2,-0.19,-1.46
1,1548133968937,7.07,-0.42,-1.66
1,1548133968938,7.01,-0.72,-1.83
1,1548133968938,6.99,-0.99,-2.1
1,1548133968938,7.12,-1.01,-2.24
1,1548133968938,7.46,-0.91,-2.34
1,1548133968998,7.79,-0.78,-2.55
1,1548133968999,8.47,-0.35,-2.87
1,1548133968999,8.75,-0.11,-3.04
1,1548133968999,8.92,0.09,-3.22
1,1548133969000,9.1,0.31,-3.41
1,1548133969000,9.49,0.54,-3.84
1,1548133969000,9.74,0.54,-4.04
1,1548133969000,9.9,0.58,-4.23
1,1548133969081,10.05,0.46,-4.43
1,1548133969082,10.23,0.54,-4.57
1,1548133969083,10.35,0.48,-4.58
1,1548133969084,10.42,0.42,-4.47
1,1548133969084,10.46,0.44,-4.39
1,1548133969085,10.44,0.56,-4.31
1,1548133969086,10.41,0.64,-3.92
1,1548133969144,10.33,0.66,-3.78
1,1548133969145,10.23,0.6,-3.57
1,1548133969147,10.11,0.48,-3.39
1,1548133969148,9.92,0.5,-3.04
1,1548133969148,9.88,0.68,-2.91
1,1548133969149,9.88,0.95,-2.87
1,1548133969150,9.96,1.13,-2.85
1,1548133969150,10.27,1.52,-2.69
1,1548133969230,10.41,1.64,-2.55
1,1548133969231,10.52,1.69,-2.5
1,1548133969232,10.56,1.64,-2.44
1,1548133969233,10.72,1.48,-2.3
1,1548133969233,10.82,1.32,-2.24
1,1548133969234,10.95,1.11,-2.24
1,1548133969235,10.97,1.09,-2.46
1,1548133969283,11.23,0.99,-2.32
1,1548133969286,11.28,0.87,-2.1
1,1548133969286,11.46,0.64,-2.08
1,1548133969287,11.5,0.54,-2.05
1,1548133969287,10.95,0.87,-0.48
1,1548133969288,10.91,1.6,0.39
1,1548133969288,28.96,7.14,29.92
1,1548133969289,33.18,5.19,26.91
1,1548133969386,25.41,-0.35,11.19
1,1548133969387,10.78,-7.24,4.58
1,1548133969387,6.21,-10.58,-1.66
1,1548133969387,5.11,-10.23,-1.21
1,1548133969388,6.23,-9.1,-0.72
1,1548133969388,7.87,-3.32,6.71
1,1548133969389,9.66,-0.95,4.62
1,1548133969433,9.35,1.71,0.83
1,1548133969436,10.8,4.1,-0.01
1,1548133969437,12.67,6.19,-0.66
1,1548133969437,13.1,5.31,-2.73
1,1548133969439,13.14,3.35,-1.79
1,1548133969439,13.02,1.64,-2.34
1,1548133969440,12.71,-0.25,-2.67
1,1548133969440,12.36,0.19,-3.3
1,1548133969511,11.95,0.95,-4.86
1,1548133969512,11.4,1.89,-3.55
1,1548133969513,10.41,2.69,-3.57
1,1548133969514,10.74,2.89,-2.94
1,1548133969514,11.38,2.92,-2.53
1,1548133969515,12.1,2.89,-2.38
1,1548133969515,13.43,2.44,-2.01
1,1548133969516,13.8,1.97,-1.87
1,1548133969583,13.76,1.56,-1.69
1,1548133969583,13.53,0.87,-1.44
1,1548133969585,13.16,0.21,-1.15
1,1548133969585,12.28,-0.76,-0.76
1,1548133969586,11.89,-1.28,-0.8
1,1548133969605,11.56,-1.73,-0.76
1,1548133969605,11.26,-1.99,-0.78
1,1548133969683,10.78,-2.12,-0.87
1,1548133969684,10.68,-1.87,-1.15
1,1548133969684,10.6,-1.48,-1.48
1,1548133969684,10.54,-1.15,-1.79
1,1548133969684,10.44,-0.85,-2.28
1,1548133969685,10.33,-0.72,-2.44
1,1548133969685,10.21,-0.52,-2.51
1,1548133969685,9.92,-0.35,-2.59
1,1548133969737,9.39,0.07,-2.65
1,1548133969737,9.14,0.25,-2.75
1,1548133969737,8.86,0.37,-2.81
1,1548133969738,8.51,0.41,-2.81
1,1548133969738,7.91,0.31,-2.81
1,1548133969738,7.65,0.27,-2.91
1,1548133969738,7.42,0.31,-2.83
1,1548133969808,7.12,0.42,-2.73
1,1548133969808,6.93,0.62,-2.59
1,1548133969809,6.64,0.76,-2.18
1,1548133969812,6.48,0.83,-2.05
1,1548133969812,6.3,0.78,-1.97
1,1548133969813,6.15,0.72,-1.83
1,1548133969813,5.82,0.58,-1.58
1,1548133969813,5.72,0.58,-1.52
1,1548133969885,5.62,0.64,-1.38
1,1548133969886,5.64,0.76,-1.19
1,1548133969886,5.58,0.8,-1.01
1,1548133969886,5.54,0.76,-0.97
1,1548133969886,5.56,0.68,-0.93
1,1548133969887,5.58,0.62,-1.01
1,1548133969887,6.03,0.39,-1.05
1,1548133969959,6.34,0.27,-1.01
1,1548133969960,6.71,0.13,-1.07
1,1548133969960,7.05,0.03,-1.19
1,1548133969960,7.67,-0.11,-1.38
1,1548133969961,7.87,-0.19,-1.48
1,1548133969961,8.45,-0.41,-1.62
1,1548133969961,8.96,-0.52,-1.77
1,1548133969962,10.35,-0.8,-2.16
1,1548133970034,11.03,-0.91,-2.32
1,1548133970035,11.75,-0.95,-2.44
1,1548133970035,12.4,-1.01,-2.44
1,1548133970036,12.81,-1.05,-2.53
1,1548133970036,13.88,-1.23,-2.94
1,1548133970036,14.37,-1.3,-3.16
1,1548133970036,14.6,-1.5,-3.12
1,1548133970109,14.64,-1.6,-3.08
1,1548133970109,14.45,-1.54,-2.89
1,1548133970110,14.43,-1.4,-2.83
1,1548133970110,14.39,-1.28,-2.73
1,1548133970110,14.39,-1.15,-2.63
1,1548133970111,14.1,-0.68,-2.22
1,1548133970111,13.92,-0.42,-2.12
1,1548133970111,13.76,-0.07,-1.99
1,1548133970197,13.69,0.29,-1.85
1,1548133970198,13.53,0.89,-1.66
1,1548133970198,13.57,1.15,-1.6
1,1548133970198,13.61,1.34,-1.5
1,1548133970199,13.65,1.5,-1.44
1,1548133970199,13.71,1.69,-1.25
1,1548133970199,13.75,1.85,-1.25
1,1548133970265,13.88,1.85,-1.25
1,1548133970266,13.98,1.87,-1.21
1,1548133970266,13.82,1.81,-1.09
1,1548133970266,13.82,1.21,-1.32
1,1548133970266,13.75,0.99,-1.19
1,1548133970266,13.67,0.56,-1.15
1,1548133970267,13.33,0.37,-1.09
1,1548133970267,12.81,-0.27,-0.62
1,1548133970348,12.4,-0.5,-0.64
1,1548133970349,12.36,-0.6,-0.56
1,1548133970349,12.18,-0.7,-0.37
1,1548133970349,11.56,-1.23,0.0
1,1548133970350,11.32,-1.42,0.21
1,1548133970350,11.23,-1.44,0.31
1,1548133970350,11.25,-1.44,0.31
1,1548133970350,11.32,-1.23,0.07
1,1548133970417,11.36,-1.07,-0.09
1,1548133970418,11.36,-0.89,-0.29
1,1548133970418,11.32,-0.76,-0.5
1,1548133970418,11.17,-0.27,-0.66
1,1548133970418,11.09,0.07,-0.82
1,1548133970418,10.97,0.48,-1.05
1,1548133970419,10.93,0.83,-1.23
1,1548133970484,10.85,1.15,-1.42
1,1548133970486,10.74,1.58,-1.73
1,1548133970488,10.72,1.71,-1.89
1,1548133970488,10.64,1.79,-2.1
1,1548133970489,10.58,1.83,-2.3
1,1548133970489,10.74,1.75,-2.63
1,1548133970490,10.87,1.67,-2.81
1,1548133970490,11.19,1.5,-3.04
1,1548133970558,11.62,1.23,-3.28
1,1548133970559,12.55,0.46,-3.9
1,1548133970568,13.12,0.05,-4.25
1,1548133970569,13.73,-0.29,-4.53
1,1548133970569,14.37,-0.58,-4.8
1,1548133970569,15.29,-0.99,-5.25
1,1548133970569,15.68,-1.21,-5.07
1,1548133970633,15.85,-1.34,-5.0
1,1548133970709,15.85,-1.4,-4.94
1,1548133970709,15.52,-1.3,-4.51
1,1548133970710,15.35,-1.25,-4.41
1,1548133970711,15.27,-0.89,-4.35
1,1548133970712,15.23,-0.6,-4.35
1,1548133970712,15.29,-0.07,-4.25
1,1548133970719,15.33,0.11,-4.35
1,1548133970720,15.35,0.11,-4.39
1,1548133970783,15.39,-0.01,-4.49
1,1548133970784,15.31,-0.35,-4.64
1,1548133970784,15.07,-0.17,-5.56
1,1548133970785,15.0,-0.25,-5.46
1,1548133970788,14.88,-0.23,-5.35
1,1548133970789,14.58,-0.31,-5.13
1,1548133970789,13.86,-0.58,-4.6
1,1548133970789,13.47,-0.72,-4.39
1,1548133970859,13.18,-0.87,-4.29
1,1548133970860,11.93,-1.44,-3.67
1,1548133970860,11.28,-1.67,-3.35
1,1548133970860,10.72,-1.83,-3.04
1,1548133970861,10.23,-1.89,-2.73
1,1548133970861,9.43,-1.79,-2.28
1,1548133970861,9.14,-1.71,-2.08
1,1548133970861,8.82,-1.64,-1.81
1,1548133970936,8.53,-1.66,-1.66
1,1548133970937,8.04,-1.81,-1.26
1,1548133970938,7.85,-1.85,-1.15
1,1548133970938,7.69,-1.73,-1.07
1,1548133970939,7.55,-1.6,-0.8
1,1548133970941,7.28,-1.4,-0.62
1,1548133970942,6.73,-1.32,-0.62
1,1548133970942,6.5,-1.21,-0.48
1,1548133971021,6.17,-1.11,-0.35
1,1548133971022,5.91,-1.09,-0.17
1,1548133971022,5.35,-1.17,1.15
1,1548133971022,5.31,-1.26,-0.44
1,1548133971022,5.35,-1.28,-0.41
1,1548133971022,5.13,-1.34,0.42
1,1548133971023,4.72,-1.48,-0.01
1,1548133971087,4.66,-1.64,0.37
1,1548133971088,4.74,-1.67,0.76
1,1548133971088,4.64,-1.69,0.42
1,1548133971088,4.74,-1.69,0.58
1,1548133971089,4.8,-1.69,0.39
1,1548133971089,5.05,-1.69,0.35
1,1548133971089,5.41,-1.67,0.33
1,1548133971089,6.67,-1.58,0.29
1,1548133971161,7.08,-1.58,-0.07
1,1548133971162,7.51,-1.58,0.0
1,1548133971173,8.08,-1.48,-0.09
1,1548133971174,9.14,-1.32,-0.33
1,1548133971174,9.84,-1.38,-0.54
1,1548133971174,10.54,-1.42,-0.62
1,1548133971174,11.21,-1.54,-0.72
1,1548133971174,12.73,-1.77,-1.3
1,1548133971234,13.61,-1.91,-1.62
1,1548133971235,14.51,-2.05,-2.05
1,1548133971241,15.5,-2.2,-2.42
1,1548133971241,16.48,-2.32,-2.83
1,1548133971241,18.2,-2.55,-3.51
1,1548133971242,18.9,-2.59,-3.75
1,1548133971242,19.31,-2.73,-3.24
1,1548133971309,20.29,-3.06,-5.83
1,1548133971309,21.3,-2.42,-5.48
1,1548133971324,21.6,-2.1,-5.97
1,1548133971325,21.17,-1.42,-5.82
1,1548133971325,20.6,-1.19,-5.48
1,1548133971325,19.43,-0.56,-4.88
1,1548133971326,18.92,-0.17,-4.72
1,1548133971326,18.24,0.13,-4.51
1,1548133971384,17.48,0.31,-4.29
1,1548133971385,15.8,0.91,-3.9
1,1548133971385,15.09,1.15,-3.84
1,1548133971385,14.6,1.26,-3.73
1,1548133971386,14.25,1.25,-3.67
1,1548133971386,13.65,1.26,-3.59
1,1548133971386,13.33,1.42,-3.55
1,1548133971458,13.12,1.52,-3.49
1,1548133971458,12.79,1.5,-3.55
1,1548133971476,12.61,1.56,-3.53
1,1548133971477,12.12,1.48,-3.24
1,1548133971477,11.81,1.32,-3.22
1,1548133971477,11.46,1.11,-3.24
1,1548133971478,11.07,0.83,-3.18
1,1548133971478,10.29,0.33,-3.02
1,1548133971535,9.82,0.21,-2.91
1,1548133971536,9.37,0.11,-2.71
1,1548133971536,8.9,0.15,-2.46
1,1548133971537,8.28,0.44,-2.01
1,1548133971538,8.0,0.66,-1.83
1,1548133971538,7.79,0.93,-1.6
1,1548133971539,7.65,1.21,-1.46
1,1548133971610,7.26,1.54,-1.26
1,1548133971611,7.16,1.64,-1.21
1,1548133971612,6.97,1.6,-1.17
1,1548133971613,6.85,1.5,-1.07
1,1548133971613,6.62,1.34,-1.23
1,1548133971614,6.69,1.38,-1.3
1,1548133971615,7.03,1.5,-1.44
1,1548133971616,7.61,1.64,-1.58
1,1548133971685,8.98,1.81,-2.03
1,1548133971686,9.58,1.71,-2.4
1,1548133971687,9.92,1.5,-2.69
1,1548133971688,10.11,1.28,-2.94
1,1548133971688,10.23,1.01,-3.12
1,1548133971689,10.66,0.58,-3.41
1,1548133971689,10.91,0.42,-3.49
1,1548133971758,11.09,0.44,-3.51
1,1548133971758,11.11,0.56,-3.49
1,1548133971758,11.05,1.13,-3.32
1,1548133971759,11.13,1.46,-3.12
1,1548133971763,11.34,1.71,-3.08
1,1548133971764,11.75,1.85,-3.14
1,1548133971764,12.85,1.85,-3.37
1,1548133971764,13.3,1.77,-3.53
1,1548133971834,13.59,1.6,-3.65
1,1548133971836,13.84,1.34,-3.75
1,1548133971837,14.84,1.13,-3.65
1,1548133971838,15.29,1.21,-3.55
1,1548133971839,15.6,1.3,-3.63
1,1548133971839,15.95,1.3,-3.78
1,1548133971840,16.89,0.85,-4.19
1,1548133971915,17.53,0.39,-4.41
1,1548133971932,18.22,-0.09,-4.7
1,1548133971932,18.73,-0.68,-4.98
1,1548133971932,19.12,-1.99,-5.35
1,1548133971932,18.86,-2.51,-5.42
1,1548133971933,18.39,-2.89,-5.33
1,1548133971933,17.83,-3.2,-5.25
1,1548133971933,17.2,-3.43,-5.13
1,1548133971983,16.09,-3.65,-4.47
1,1548133971996,15.66,-3.71,-3.92
1,1548133971997,14.8,-3.55,-3.2
1,1548133971997,14.12,-3.41,-2.83
1,1548133971997,12.3,-3.06,-1.99
1,1548133971997,11.48,-2.98,-1.62
1,1548133971997,10.72,-2.85,-1.46
1,1548133971998,10.21,-2.53,-1.42
1,1548133972058,9.29,-2.16,-1.11
1,1548133972066,8.76,-2.01,-1.05
1,1548133972067,8.3,-1.69,-0.95
1,1548133972068,7.89,-1.38,-0.83
1,1548133972069,7.42,-1.07,-0.82
1,1548133972069,7.22,-1.03,-0.8
1,1548133972070,6.97,-0.97,-0.74
1,1548133972134,6.77,-1.01,-0.74
1,1548133972135,6.38,-0.87,-0.68
1,1548133972136,6.25,-0.89,-0.7
1,1548133972136,6.26,-0.82,-0.68
1,1548133972137,6.3,-0.68,-0.62
1,1548133972138,6.21,-0.5,-0.41
1,1548133972138,6.23,-0.52,-0.31
1,1548133972139,6.19,-0.46,0.58
1,1548133972214,6.28,-0.46,0.39
1,1548133972214,6.25,-0.58,-0.05
1,1548133972214,6.42,-0.97,-0.17
1,1548133972215,6.6,-1.17,-0.33
1,1548133972215,6.71,-1.28,-0.44
1,1548133972215,6.85,-1.36,-0.52
1,1548133972215,6.97,-1.34,-0.62
1,1548133972284,7.12,-1.26,-0.58
1,1548133972285,7.32,-1.19,-0.54
1,1548133972285,7.69,-1.15,-0.58
1,1548133972285,8.59,-1.21,-0.56
1,1548133972298,9.12,-1.26,-0.6
1,1548133972299,9.58,-1.34,-0.6
1,1548133972299,10.0,-1.44,-0.62
1,1548133972300,10.78,-1.52,-0.7
1,1548133972360,11.36,-1.56,-0.91
1,1548133972360,12.03,-1.58,-1.07
1,1548133972384,12.63,-1.58,-0.85
1,1548133972384,14.21,-1.46,-3.9
1,1548133972384,14.35,-1.25,-1.81
1,1548133972385,14.72,-1.21,-2.14
1,1548133972385,15.11,-1.03,-2.28
1,1548133972441,15.48,-0.97,-2.46
1,1548133972441,16.25,-0.87,-2.79
1,1548133972442,16.54,-0.87,-2.91
1,1548133972442,16.85,-0.8,-2.96
1,1548133972442,17.05,-0.68,-3.2
1,1548133972442,17.42,-0.42,-3.47
1,1548133972442,17.3,-0.41,-3.75
1,1548133972443,17.24,-0.35,-3.82
1,1548133972524,17.03,-0.23,-3.86
1,1548133972525,16.4,0.23,-3.88
1,1548133972525,16.09,0.33,-3.82
1,1548133972526,15.72,0.48,-3.86
1,1548133972526,15.21,0.42,-3.61
1,1548133972527,14.16,0.05,-3.35
1,1548133972528,13.82,-0.05,-3.14
1,1548133972593,13.63,-0.01,-3.02
1,1548133972594,13.45,-0.05,-3.02
1,1548133972594,13.3,-0.19,-2.73
1,1548133972595,13.2,-0.21,-2.63
1,1548133972595,13.16,-0.17,-2.51
1,1548133972596,13.06,-0.13,-2.42
1,1548133972596,12.53,-0.23,-2.28
1,1548133972597,12.14,-0.23,-2.18
1,1548133972663,11.73,-0.25,-2.08
1,1548133972663,11.32,-0.17,-2.07
1,1548133972664,10.93,-0.03,-2.03
1,1548133972664,9.78,0.58,-2.1
1,1548133972664,9.41,0.83,-2.05
1,1548133972665,9.06,0.99,-1.97
1,1548133972665,8.73,1.09,-1.95
1,1548133972754,8.16,1.28,-2.12
1,1548133972754,7.91,1.28,-2.12
1,1548133972754,7.71,1.3,-2.18
1,1548133972755,7.61,1.32,-2.16
1,1548133972755,7.5,1.23,-2.22
1,1548133972755,7.42,1.19,-2.28
1,1548133972755,7.38,1.11,-2.36
1,1548133972755,7.3,1.07,-2.44
1,1548133972826,7.65,1.26,-2.61
1,1548133972826,7.94,1.42,-2.79
1,1548133972827,8.2,1.64,-2.94
1,1548133972827,8.39,1.79,-3.16
1,1548133972828,8.51,1.91,-3.24
1,1548133972829,8.55,2.08,-3.28
1,1548133972829,8.63,2.28,-3.2
1,1548133972885,8.76,2.48,-3.26
1,1548133972888,8.96,2.91,-3.26
1,1548133972889,9.06,3.02,-3.28
1,1548133972889,9.29,3.04,-3.22
1,1548133972890,9.53,3.0,-3.22
1,1548133972890,9.8,2.83,-3.28
1,1548133972891,10.82,2.57,-3.47
1,1548133972892,11.44,2.4,-3.67
1,1548133972959,12.14,2.16,-3.86
1,1548133972960,12.87,1.95,-4.1
1,1548133972961,14.1,1.32,-4.45
1,1548133972962,14.7,0.91,-4.55
1,1548133972962,15.31,0.52,-4.68
1,1548133972964,15.97,0.13,-4.8
1,1548133972965,17.01,-0.66,-4.82
1,1548133972965,17.36,-1.07,-4.92
1,1548133973033,17.59,-1.42,-4.8
1,1548133973037,17.67,-1.77,-4.8
1,1548133973038,18.0,-2.16,-4.58
1,1548133973038,17.94,-2.2,-4.55
1,1548133973038,17.81,-2.26,-4.49
1,1548133973038,17.67,-2.18,-4.49
1,1548133973038,16.95,-1.93,-4.45
1,1548133973108,16.58,-1.97,-4.33
1,1548133973124,16.23,-2.01,-4.19
1,1548133973125,15.8,-1.83,-4.06
1,1548133973125,15.33,-1.62,-3.92
1,1548133973126,14.39,-1.38,-3.63
1,1548133973126,13.98,-1.26,-3.53
1,1548133973126,13.59,-1.01,-3.43
1,1548133973127,13.18,-0.93,-3.28
1,1548133973184,12.28,-0.87,-3.2
1,1548133973185,12.03,-0.85,-3.04
1,1548133973186,11.73,-1.05,-2.85
1,1548133973186,11.3,-1.11,-2.87
1,1548133973187,10.58,-1.4,-2.69
1,1548133973187,10.42,-1.42,-2.5
1,1548133973188,10.25,-1.36,-2.3
1,1548133973259,10.0,-1.4,-2.18
1,1548133973260,9.39,-1.4,-1.79
1,1548133973260,9.21,-1.38,-1.73
1,1548133973273,9.08,-1.42,-1.58
1,1548133973273,8.94,-1.5,-1.48
1,1548133973274,8.84,-1.54,-1.26
1,1548133973274,8.75,-1.54,-1.23
1,1548133973274,8.59,-1.5,-1.11
1,1548133973333,8.49,-1.48,-1.09
1,1548133973333,8.08,-1.5,-0.76
1,1548133973358,7.96,-1.48,-0.66
1,1548133973358,7.81,-1.38,-0.62
1,1548133973358,7.63,-1.36,-0.62
1,1548133973359,7.48,-1.32,-0.62
1,1548133973359,7.26,-1.44,-0.5
1,1548133973421,7.14,-1.54,-0.25
1,1548133973422,7.16,-1.58,-0.11
1,1548133973422,7.08,-1.66,-0.03
1,1548133973422,7.2,-1.73,-0.11
1,1548133973423,7.32,-1.75,-0.27
1,1548133973423,7.55,-1.77,-0.37
1,1548133973423,7.79,-1.73,-0.54
1,1548133973423,8.28,-1.58,-0.64
1,1548133973484,8.55,-1.48,-0.64
1,1548133973484,8.71,-1.34,-0.64
1,1548133973484,8.98,-1.17,-0.64
1,1548133973509,9.84,-0.89,-1.03
1,1548133973509,10.17,-0.74,-1.03
1,1548133973510,10.54,-0.64,-0.82
1,1548133973510,11.01,-0.64,-0.76
1,1548133973571,12.18,-0.58,-0.68
1,1548133973572,12.67,-0.5,-0.68
1,1548133973572,13.16,-0.33,-0.91
1,1548133973572,13.71,-0.13,-1.09
1,1548133973572,14.33,-0.37,-0.82
1,1548133973572,14.45,-0.82,-1.07
1,1548133973573,14.74,-1.01,-1.66
1,1548133973573,15.56,-0.85,-2.5
1,1548133973639,15.87,-0.74,-3.02
1,1548133973639,17.08,-1.26,-4.19
1,1548133973639,17.51,-1.54,-5.03
1,1548133973640,17.83,-1.07,-5.58
1,1548133973640,17.46,-0.5,-5.15
1,1548133973640,16.4,-0.41,-4.06
1,1548133973640,16.25,-0.46,-4.33
1,1548133973724,16.28,-0.11,-4.49
1,1548133973724,16.17,0.31,-4.62
1,1548133973725,14.55,0.33,-4.08
1,1548133973725,13.78,0.05,-3.86
1,1548133973725,13.2,-0.07,-3.63
1,1548133973725,12.75,-0.07,-3.49
1,1548133973725,12.07,0.07,-3.45
1,1548133973725,11.73,0.23,-3.32
1,1548133973790,11.32,0.41,-3.24
1,1548133973791,11.05,0.62,-3.16
1,1548133973791,10.62,1.05,-3.18
1,1548133973791,10.44,1.19,-3.18
1,1548133973791,10.41,1.3,-3.28
1,1548133973792,10.42,1.42,-3.35
1,1548133973792,10.39,1.48,-3.51
1,1548133973859,10.05,1.52,-3.63
1,1548133973860,9.76,1.58,-3.65
1,1548133973876,9.41,1.67,-3.69
1,1548133973876,9.27,1.81,-3.75
1,1548133973876,9.06,1.85,-3.82
1,1548133973877,8.96,1.87,-3.82
1,1548133973877,8.8,1.85,-3.73
1,1548133973877,8.55,1.85,-3.67
1,1548133973936,8.16,1.73,-3.47
1,1548133973937,8.08,1.62,-3.45
1,1548133973938,8.08,1.54,-3.33
1,1548133973938,8.08,1.46,-3.22
1,1548133973938,8.22,1.28,-3.06
1,1548133974014,8.32,1.28,-2.94
1,1548133974015,8.43,1.25,-2.83
1,1548133974015,8.49,1.23,-2.81
1,1548133974015,8.75,1.09,-2.77
1,1548133974016,9.12,0.93,-2.89
1,1548133974016,9.31,0.91,-2.89
1,1548133974016,9.49,0.89,-2.96
1,1548133974016,9.74,0.95,-3.08
1,1548133974088,10.17,1.09,-3.2
1,1548133974088,10.58,1.15,-3.26
1,1548133974089,10.8,1.15,-3.28
1,1548133974094,11.21,1.15,-3.3
1,1548133974095,11.38,1.07,-3.26
1,1548133974095,11.56,1.05,-3.33
1,1548133974096,11.77,1.05,-3.32
1,1548133974096,12.07,1.01,-3.35
1,1548133974159,12.2,1.01,-3.37
1,1548133974178,12.4,0.91,-3.41
1,1548133974179,12.61,0.85,-3.43
1,1548133974179,12.91,0.68,-3.43
1,1548133974179,12.98,0.58,-3.45
1,1548133974179,13.12,0.52,-3.45
1,1548133974180,13.22,0.44,-3.45
1,1548133974180,13.16,0.44,-3.33
1,1548133974234,13.12,0.41,-3.41
1,1548133974234,13.28,0.31,-3.32
1,1548133974245,13.37,0.27,-3.33
1,1548133974246,13.57,0.07,-3.2
1,1548133974246,13.65,-0.07,-3.32
1,1548133974246,13.57,-0.29,-3.22
1,1548133974247,13.57,-0.39,-3.02
1,1548133974247,13.63,-0.58,-3.14
1,1548133974313,13.71,-0.91,-3.24
1,1548133974313,13.41,-1.09,-3.14
1,1548133974314,13.3,-1.23,-3.08
1,1548133974314,13.08,-1.3,-3.14
1,1548133974314,12.63,-1.6,-2.85
1,1548133974314,12.34,-1.73,-2.83
1,1548133974315,12.12,-1.95,-2.55
1,1548133974384,11.89,-2.12,-2.4
1,1548133974386,11.25,-2.1,-1.85
1,1548133974386,10.83,-2.1,-1.62
1,1548133974387,10.37,-2.2,-1.44
1,1548133974387,9.96,-2.26,-1.13
1,1548133974388,9.21,-2.48,-0.7
1,1548133974388,8.84,-2.48,-0.64
1,1548133974388,8.53,-2.44,-0.6
1,1548133974540,8.26,-2.4,-0.58
1,1548133974541,7.67,-2.4,-0.56
1,1548133974547,7.34,-2.38,-0.33
1,1548133974548,7.03,-2.4,-0.39
1,1548133974548,6.85,-2.34,-0.48
1,1548133974620,6.67,-2.26,-0.62
1,1548133974621,6.25,-2.08,-0.62
1,1548133974622,6.07,-1.95,-0.64
1,1548133974622,5.97,-1.85,-0.64
1,1548133974623,5.95,-1.58,-0.64
1,1548133974624,7.83,0.03,-2.01
1,1548133974624,8.0,0.19,-1.42
1,1548133974625,8.51,0.25,-1.67
1,1548133974687,9.6,0.56,-2.14
1,1548133974688,11.91,1.91,-2.5
1,1548133974688,12.81,2.46,-2.44
1,1548133974689,13.12,2.5,-2.36
1,1548133974689,13.49,2.91,-2.89
1,1548133974701,13.76,3.43,-3.24
1,1548133974761,13.14,3.53,-3.45
1,1548133974763,13.16,3.16,-3.55
1,1548133974765,13.61,2.71,-3.41
1,1548133974767,13.49,2.83,-3.75
1,1548133974768,14.55,1.75,-0.87
1,1548133974770,14.16,0.54,-0.85
1,1548133974771,13.32,-0.44,-1.28
1,1548133974773,12.3,-0.37,-1.5
1,1548133974838,10.89,1.67,-2.01
1,1548133974839,10.37,2.53,-2.42
1,1548133974840,10.41,3.0,-2.24
1,1548133974840,10.56,2.85,-2.14
1,1548133974841,10.7,1.81,-1.89
1,1548133974841,10.6,1.17,-1.52
1,1548133974842,10.54,0.42,-1.15
1,1548133974843,10.54,-0.15,-0.87
1,1548133974919,10.93,-0.7,-0.66
1,1548133974921,11.21,-0.83,-0.72
1,1548133974923,11.15,-0.82,-0.76
1,1548133974924,10.91,-0.82,-0.85
1,1548133974926,10.76,-0.8,-0.83
1,1548133974927,10.74,-0.8,-0.97
1,1548133974928,10.74,-0.82,-1.11
1,1548133974929,10.76,-0.76,-1.21
1,1548133974986,10.64,-0.46,-1.34
1,1548133975005,10.52,-0.33,-1.38
1,1548133975006,10.39,-0.23,-1.44
1,1548133975006,10.31,-0.15,-1.48
1,1548133975007,10.27,-0.01,-1.6
1,1548133975008,10.23,0.0,-1.66
1,1548133975008,10.29,0.01,-1.77
1,1548133975009,10.31,0.03,-1.87
1,1548133975061,10.23,0.05,-2.05
1,1548133975062,10.23,0.05,-2.14
1,1548133975069,10.23,0.13,-2.2
1,1548133975070,10.25,0.11,-2.26
1,1548133975070,10.25,0.15,-2.4
1,1548133975070,10.21,0.21,-2.46
1,1548133975071,10.19,0.21,-2.53
1,1548133975071,10.15,0.27,-2.55
1,1548133975135,10.11,0.31,-2.67
1,1548133975137,10.07,0.25,-2.73
1,1548133975139,10.03,0.25,-2.75
1,1548133975140,10.01,0.29,-2.77
1,1548133975141,10.0,0.25,-2.79
1,1548133975142,10.0,0.27,-2.77
1,1548133975143,10.01,0.29,-2.75
1,1548133975224,10.0,0.27,-2.77
1,1548133975226,10.0,0.33,-2.77
1,1548133975227,9.98,0.35,-2.75
1,1548133975227,9.9,0.41,-2.81
1,1548133975228,9.88,0.37,-2.81
1,1548133975229,9.82,0.35,-2.77
1,1548133975230,9.82,0.27,-2.81
1,1548133975230,9.98,0.17,-2.89
1,1548133975291,10.0,0.13,-2.87
1,1548133975292,9.96,0.07,-2.83
1,1548133975293,9.74,-0.05,-2.71
1,1548133975294,9.72,-0.09,-2.79
1,1548133975294,9.72,-0.11,-2.71
1,1548133975294,9.7,-0.19,-2.69
1,1548133975295,9.58,-0.31,-2.73
1,1548133975363,9.57,-0.39,-2.71
1,1548133975365,9.55,-0.54,-2.55
1,1548133975365,9.47,-0.58,-2.48
1,1548133975366,9.25,-0.52,-2.24
1,1548133975366,9.14,-0.46,-2.18
1,1548133975367,9.14,-0.44,-2.2
1,1548133975367,9.21,-0.46,-2.18
1,1548133975368,9.27,-0.48,-2.18
1,1548133975440,9.25,-0.48,-2.2
1,1548133975459,9.19,-0.48,-2.16
1,1548133975460,9.14,-0.48,-2.12
1,1548133975461,9.14,-0.46,-2.07
1,1548133975461,9.23,-0.35,-2.03
1,1548133975462,9.27,-0.29,-1.99
1,1548133975462,9.21,-0.25,-1.89
1,1548133975462,9.25,-0.17,-1.85
1,1548133975509,9.31,-0.09,-1.71
1,1548133975510,9.33,-0.05,-1.69
1,1548133975510,9.37,0.03,-1.6
1,1548133975511,9.39,0.07,-1.56
1,1548133975512,9.43,0.13,-1.42
1,1548133975512,9.43,0.11,-1.32
1,1548133975512,9.51,0.17,-1.28
1,1548133975584,9.62,0.25,-1.17
1,1548133975585,9.76,0.41,-1.07
1,1548133975586,9.9,0.44,-0.99
1,1548133975587,10.01,0.46,-0.91
1,1548133975587,10.09,0.52,-0.85
1,1548133975588,10.17,0.52,-0.7
1,1548133975589,10.19,0.44,-0.74
1,1548133975589,10.17,0.31,-0.72
1,1548133975660,10.21,0.15,-0.68
1,1548133975661,10.27,-0.07,-0.74
1,1548133975661,10.54,-0.54,-0.66
1,1548133975662,10.7,-0.66,-0.7
1,1548133975662,10.68,-0.85,-0.62
1,1548133975662,10.7,-1.15,-0.6
1,1548133975663,11.03,-1.26,-0.42
1,1548133975736,11.11,-1.3,-0.31
1,1548133975737,11.13,-1.44,-0.44
1,1548133975738,11.17,-1.56,-0.46
1,1548133975738,11.83,-1.69,-0.31
1,1548133975738,12.16,-1.38,-0.48
1,1548133975808,12.34,-0.91,-0.56
1,1548133975824,12.16,-0.52,-0.58
1,1548133975824,11.15,-0.15,-0.74
1,1548133975825,10.56,0.11,-1.15
1,1548133975825,10.05,0.37,-1.36
1,1548133975825,9.74,0.6,-1.62
1,1548133975825,9.6,0.7,-1.77
1,1548133975825,9.66,0.56,-1.87
1,1548133975884,9.72,0.48,-1.93
1,1548133975962,9.74,0.68,-1.95
1,1548133975962,9.55,0.83,-2.01
1,1548133975963,9.45,0.85,-1.97
1,1548133975963,9.43,0.74,-1.97
1,1548133975963,9.47,0.58,-1.99
1,1548133976034,9.6,0.48,-2.07
1,1548133976034,9.6,0.48,-2.12
1,1548133976034,9.58,0.42,-2.22
1,1548133976035,9.68,0.41,-2.26
1,1548133976043,9.76,0.42,-2.46
1,1548133976043,9.53,0.72,-2.69
1,1548133976043,9.47,0.82,-2.69
1,1548133976043,9.37,1.01,-2.71
1,1548133976109,9.31,1.09,-2.65
1,1548133976126,9.19,1.38,-2.36
1,1548133976126,9.19,1.42,-2.32
1,1548133976126,9.17,1.48,-2.24
1,1548133976127,9.17,1.48,-2.22
1,1548133976127,9.17,1.5,-2.14
1,1548133976127,9.23,1.46,-2.1
1,1548133976127,9.27,1.44,-2.1
1,1548133976186,9.33,1.38,-2.07
1,1548133976186,9.41,1.26,-1.99
1,1548133976194,9.49,1.25,-1.93
1,1548133976194,9.53,1.23,-1.85
1,1548133976194,9.55,1.19,-1.79
1,1548133976258,9.57,1.09,-1.83
1,1548133976259,9.6,0.97,-1.83
1,1548133976278,9.62,0.91,-1.79
1,1548133976279,9.6,0.78,-1.71
1,1548133976279,9.58,0.64,-1.73
1,1548133976279,9.49,0.56,-1.67
1,1548133976279,9.41,0.48,-1.58
1,1548133976279,9.39,0.41,-1.58
1,1548133976334,9.35,0.37,-1.5
1,1548133976334,9.68,0.37,-1.48
1,1548133976334,9.86,0.23,-1.23
1,1548133976345,9.9,-0.27,-0.85
1,1548133976345,9.88,-0.41,-0.74
1,1548133976345,9.94,-0.44,-0.64
1,1548133976345,10.09,-0.48,-0.64
1,1548133976346,10.76,-0.56,-0.64
1,1548133976408,11.19,-0.66,-0.66
1,1548133976429,11.54,-0.78,-0.64
1,1548133976430,11.95,-0.93,-0.74
1,1548133976430,12.81,-0.99,-1.03
1,1548133976430,13.08,-0.91,-1.25
1,1548133976431,13.28,-0.82,-1.67
1,1548133976431,13.3,-0.68,-2.16
1,1548133976431,13.06,-0.29,-3.16
1,1548133976483,12.75,-0.03,-3.53
1,1548133976483,12.38,0.15,-3.96
1,1548133976483,11.99,0.25,-4.23
1,1548133976495,11.17,0.41,-4.53
1,1548133976496,10.87,0.41,-4.62
1,1548133976496,10.78,0.44,-4.6
1,1548133976496,10.85,0.35,-4.62
1,1548133976496,11.15,0.31,-4.64
1,1548133976558,11.79,0.03,-4.76
1,1548133976559,12.07,-0.11,-4.88
1,1548133976560,12.28,-0.23,-5.03
1,1548133976561,12.32,-0.37,-5.07
1,1548133976561,12.01,-0.44,-4.98
1,1548133976562,11.6,-0.35,-4.88
1,1548133976562,11.25,-0.23,-4.84
1,1548133976563,10.89,-0.01,-4.76
1,1548133976635,10.19,0.15,-4.58
1,1548133976635,9.78,0.19,-4.49
1,1548133976636,9.47,0.21,-4.39
1,1548133976636,9.17,0.19,-4.23
1,1548133976636,8.84,0.07,-4.06
1,1548133976636,8.71,-0.17,-3.92
1,1548133976637,8.63,-0.42,-3.78
1,1548133976710,8.53,-0.68,-3.57
1,1548133976711,8.53,-0.74,-3.47
1,1548133976711,8.53,-0.83,-3.41
1,1548133976711,8.55,-0.87,-3.35
1,1548133976712,8.59,-0.95,-3.32
1,1548133976783,8.75,-0.99,-3.28
1,1548133976798,8.75,-0.91,-3.26
1,1548133976798,8.69,-0.87,-3.22
1,1548133976798,8.63,-0.8,-3.2
1,1548133976798,8.55,-0.74,-3.18
1,1548133976799,8.45,-0.66,-3.08
1,1548133976799,8.37,-0.58,-3.06
1,1548133976799,8.22,-0.6,-2.98
1,1548133976858,8.06,-0.56,-2.91
1,1548133976858,7.71,-0.44,-2.53
1,1548133976858,7.81,-0.42,-2.57
1,1548133976859,8.22,-0.39,-2.75
1,1548133976866,9.49,-0.41,-3.35
1,1548133976867,9.88,-0.35,-3.49
1,1548133976867,9.78,-0.21,-3.45
1,1548133976867,9.33,-0.05,-3.35
1,1548133976934,8.39,0.07,-3.12
1,1548133976952,8.41,0.03,-3.18
1,1548133976952,8.76,0.05,-3.33
1,1548133976952,9.39,0.19,-3.49
1,1548133976952,10.37,0.66,-3.69
1,1548133976952,10.66,1.03,-3.47
1,1548133976953,10.85,1.4,-3.18
1,1548133976953,11.01,1.75,-2.85
1,1548133977008,11.07,1.91,-2.53
1,1548133977009,11.03,2.42,-2.1
1,1548133977010,11.05,2.61,-1.89
1,1548133977011,11.15,2.75,-1.79
1,1548133977012,11.36,2.87,-1.77
1,1548133977012,11.54,3.24,-1.75
1,1548133977013,11.42,3.43,-1.79
1,1548133977013,11.19,3.65,-1.75
1,1548133977085,10.82,3.71,-1.93
1,1548133977086,10.48,3.43,-2.55
1,1548133977087,10.35,3.04,-2.67
1,1548133977087,10.5,2.57,-2.63
1,1548133977088,11.03,2.07,-2.89
1,1548133977088,15.41,1.85,-3.82
1,1548133977089,20.99,0.74,-0.74
1,1548133977160,23.39,-2.36,2.55
1,1548133977161,18.24,-7.89,4.66
1,1548133977186,9.43,-18.04,1.99
1,1548133977186,5.6,-19.66,5.58
1,1548133977186,5.0,-19.6,10.13
1,1548133977187,4.6,-18.0,3.51
1,1548133977187,3.82,-15.54,2.05
1,1548133977187,9.12,-10.21,4.39
1,1548133977234,10.37,-7.81,1.15
1,1548133977237,9.92,-5.62,1.89
1,1548133977238,9.68,-3.96,1.58
1,1548133977238,8.73,-3.35,1.48
1,1548133977251,8.75,-4.04,1.19
1,1548133977252,8.9,-4.41,0.7
1,1548133977252,8.73,-4.1,-0.05
1,1548133977252,8.16,-2.57,-0.78
1,1548133977309,8.1,-1.71,-0.93
1,1548133977309,9.39,-0.58,-4.96
1,1548133977328,9.08,-0.39,-3.45
1,1548133977329,9.41,-0.8,-3.59
1,1548133977330,9.31,-1.4,-3.37
1,1548133977331,9.19,-2.05,-3.28
1,1548133977332,8.65,-2.3,-2.85
1,1548133977389,8.1,-1.52,-2.89
1,1548133977390,8.16,-0.91,-3.04
1,1548133977390,8.39,-0.44,-3.1
1,1548133977390,8.82,-0.21,-3.1
1,1548133977391,9.31,-0.21,-3.0
1,1548133977410,9.45,-0.72,-2.63
1,1548133977411,9.23,-0.93,-2.48
1,1548133977411,8.9,-1.01,-2.22
1,1548133977461,8.63,-1.03,-1.97
1,1548133977461,8.53,-0.95,-1.85
1,1548133977471,8.69,-0.85,-1.79
1,1548133977472,8.9,-0.76,-1.77
1,1548133977473,9.0,-0.56,-1.71
1,1548133977473,8.98,-0.27,-1.46
1,1548133977473,8.86,-0.11,-1.44
1,1548133977538,8.94,0.01,-1.42
1,1548133977540,9.23,0.21,-1.42
1,1548133977568,10.44,0.56,-1.64
1,1548133977570,11.34,0.72,-1.81
1,1548133977571,12.3,0.99,-2.1
1,1548133977572,13.33,1.26,-2.2
1,1548133977573,14.41,1.89,-2.34
1,1548133977574,14.21,2.18,-2.38
1,1548133977632,13.69,2.5,-2.32
1,1548133977633,13.04,2.55,-2.4
1,1548133977634,12.18,2.4,-2.91
1,1548133977634,11.89,2.12,-3.18
1,1548133977635,11.62,1.87,-3.35
1,1548133977635,11.34,1.73,-3.45
1,1548133977636,11.25,1.34,-3.51
1,1548133977688,10.91,0.95,-3.43
1,1548133977689,10.89,0.95,-3.37
1,1548133977689,10.99,0.87,-3.32
1,1548133977689,11.26,0.89,-3.3
1,1548133977690,12.03,0.8,-3.22
1,1548133977690,12.32,0.68,-3.14
1,1548133977705,12.46,0.56,-3.1
1,1548133977706,12.42,0.33,-3.02
1,1548133977760,12.28,-0.09,-2.87
1,1548133977774,12.24,-0.29,-2.73
1,1548133977775,12.12,-0.44,-2.59
1,1548133977776,11.83,-0.5,-2.46
1,1548133977776,11.46,-0.68,-2.08
1,1548133977777,11.07,-0.62,-2.05
1,1548133977778,10.85,-0.39,-2.1
1,1548133977778,10.6,-0.68,-1.36
1,1548133977836,10.85,-2.1,-1.23
1,1548133977837,10.97,-2.44,-1.38
1,1548133977857,10.56,-2.22,-1.28
1,1548133977858,10.58,-2.38,-1.17
1,1548133977858,10.41,-2.51,-1.09
1,1548133977858,10.35,-2.05,-1.4
1,1548133977859,10.52,-1.58,-1.54
1,1548133977911,10.62,-1.36,-1.52
1,1548133977924,10.54,-1.5,-1.83
1,1548133977924,9.82,-1.79,-1.38
1,1548133977925,9.43,-1.89,-1.32
1,1548133977925,9.12,-1.75,-1.11
1,1548133977925,8.76,-1.5,-1.05
1,1548133977925,8.04,-1.11,-0.83
1,1548133977925,7.71,-1.03,-0.74
1,1548133977986,7.38,-0.99,-0.68
1,1548133977987,7.12,-1.05,-0.64
1,1548133977988,6.75,-1.03,-0.68
1,1548133978006,6.73,-1.01,-0.74
1,1548133978007,6.79,-1.05,-0.85
1,1548133978007,6.83,-1.09,-1.01
1,1548133978007,7.24,-1.3,-1.19
1,1548133978063,7.34,-1.19,-1.23
1,1548133978064,7.48,-1.05,-1.32
1,1548133978065,7.61,-0.91,-1.42
1,1548133978076,7.89,-0.6,-1.66
1,1548133978078,8.04,-0.56,-1.77
1,1548133978080,8.2,-0.56,-1.95
1,1548133978082,8.39,-0.64,-2.12
1,1548133978084,8.61,-0.74,-2.34
1,1548133978136,9.08,-0.83,-2.67
1,1548133978137,9.33,-0.87,-2.85
1,1548133978138,9.58,-0.91,-2.92
1,1548133978139,9.82,-0.95,-3.04
1,1548133978139,10.21,-1.09,-3.22
1,1548133978162,10.33,-1.15,-3.28
1,1548133978164,10.42,-1.21,-3.39
1,1548133978215,10.56,-1.21,-3.45
1,1548133978216,10.89,-1.05,-3.51
1,1548133978217,11.05,-0.91,-3.59
1,1548133978219,11.25,-0.74,-3.59
1,1548133978220,11.32,-0.44,-3.53
1,1548133978221,11.62,-0.03,-3.33
1,1548133978222,11.71,0.23,-3.08
1,1548133978223,11.87,0.58,-2.67
1,1548133978286,12.05,0.99,-2.24
1,1548133978289,12.34,1.56,-1.71
1,1548133978290,12.01,1.71,-1.73
1,1548133978292,11.5,1.73,-1.89
1,1548133978295,11.09,1.75,-2.26
1,1548133978297,10.95,1.81,-2.28
1,1548133978298,10.37,1.89,-1.54
1,1548133978363,9.88,1.91,-1.26
1,1548133978364,9.41,1.87,-1.05
1,1548133978365,9.19,1.79,-1.25
1,1548133978366,8.98,1.28,-1.3
1,1548133978366,8.94,1.17,-1.23
1,1548133978367,8.94,1.25,-1.17
1,1548133978368,8.76,1.38,-0.87
1,1548133978368,7.92,1.32,-0.91
1,1548133978438,7.55,1.01,-0.89
1,1548133978439,7.46,0.52,-0.68
1,1548133978462,7.48,0.15,-0.6
1,1548133978463,8.24,-0.01,-0.62
1,1548133978465,8.88,-0.11,-0.72
1,1548133978465,9.51,-0.46,-0.93
1,1548133978466,10.17,-0.66,-1.25
1,1548133978467,10.39,-0.39,-1.11
1,1548133978512,10.0,-0.23,-1.28
1,1548133978515,9.55,0.0,-1.23
1,1548133978532,9.1,0.13,-1.17
1,1548133978532,8.67,0.29,-1.19
1,1548133978533,8.98,1.13,-1.83
1,1548133978533,9.7,1.4,-1.66
1,1548133978534,10.25,1.5,-1.03
1,1548133978588,10.64,1.25,-0.87
1,1548133978591,10.35,0.74,-0.93
1,1548133978593,10.25,0.41,-0.68
1,1548133978594,9.98,0.19,-0.66
1,1548133978596,10.33,-0.39,-0.66
1,1548133978598,10.25,-0.46,0.09
1,1548133978599,10.64,0.09,-0.15
1,1548133978601,11.09,0.64,0.21
1,1548133978664,11.15,0.8,-0.52
1,1548133978665,11.91,-0.23,-1.23
1,1548133978665,11.95,-0.52,-1.28
1,1548133978681,12.14,-0.74,-0.99
1,1548133978682,12.3,-0.78,-0.99
1,1548133978682,12.44,-0.56,-1.52
1,1548133978682,12.55,-0.13,-1.11
1,1548133978739,12.12,-0.05,-0.76
1,1548133978740,11.77,0.11,-1.54
1,1548133978741,11.58,0.56,-1.03
1,1548133978742,10.93,0.64,-0.72
1,1548133978743,11.77,0.5,-0.87
1,1548133978744,11.81,0.29,-1.23
1,1548133978766,12.28,-1.32,-0.72
1,1548133978768,13.0,-3.63,-0.58
1,1548133978816,14.02,-3.16,0.11
1,1548133978818,14.68,-2.53,0.74
1,1548133978819,13.94,-1.07,0.39
1,1548133978820,9.82,-1.19,0.82
1,1548133978821,9.6,-0.44,1.58
1,1548133978822,10.05,0.46,-0.05
1,1548133978823,11.93,0.46,-0.46
1,1548133978886,10.83,1.34,-0.68
1,1548133978887,9.64,2.18,-1.79
1,1548133978887,4.49,3.28,-1.42
1,1548133978888,9.39,5.15,0.54
1,1548133978888,7.28,5.39,-0.78
1,1548133978888,2.03,4.53,-2.79
1,1548133978888,11.13,6.5,-2.75
1,1548133978889,18.53,7.55,-4.92
1,1548133978965,14.51,6.19,-9.41
1,1548133978966,7.1,4.21,-6.3
1,1548133978985,6.85,5.07,-8.86
1,1548133978986,10.97,5.03,-8.45
1,1548133978986,14.06,3.43,-5.74
1,1548133979040,13.71,3.69,-2.12
1,1548133979041,11.11,7.26,-2.28
1,1548133979041,9.21,9.51,-2.92
1,1548133979041,8.61,9.74,-4.04
1,1548133979048,9.92,6.32,-4.78
1,1548133979049,11.15,3.61,-3.96
1,1548133979049,11.64,0.99,-3.04
1,1548133979050,11.3,-1.79,-2.4
1,1548133979114,11.34,-3.37,-2.65
1,1548133979115,12.07,-1.97,-2.87
1,1548133979115,12.36,0.13,-3.06
1,1548133979115,11.99,2.12,-3.08
1,1548133979116,11.21,5.23,-2.59
1,1548133979134,10.78,5.95,-2.79
1,1548133979135,10.72,6.09,-3.16
1,1548133979135,10.83,5.91,-3.47
1,1548133979186,11.05,5.56,-3.63
1,1548133979187,10.74,4.66,-3.69
1,1548133979264,10.62,4.27,-3.63
1,1548133979265,10.5,3.94,-3.51
1,1548133979265,10.56,3.76,-3.49
1,1548133979285,10.13,3.41,-4.14
1,1548133979285,10.58,3.33,-4.23
1,1548133979418,10.31,3.16,-4.43
1,1548133979419,10.31,3.1,-4.47
1,1548133979435,10.07,3.3,-4.12
1,1548133979436,9.84,3.3,-3.82
1,1548133979437,9.98,3.32,-3.75
1,1548133979492,9.06,3.16,-3.24
1,1548133979492,9.0,3.08,-3.24
1,1548133979493,9.16,2.96,-3.47
1,1548133979493,9.41,2.92,-3.65
1,1548133979494,8.35,2.1,-3.41
1,1548133979494,8.24,2.18,-3.39
1,1548133979495,8.14,2.16,-3.32
1,1548133979495,7.79,1.83,-3.53
1,1548133979560,7.77,1.81,-3.59
1,1548133979561,7.44,1.66,-2.83
1,1548133979562,7.46,1.71,-2.67
1,1548133979563,7.3,1.69,-2.59
1,1548133979564,6.93,1.6,-2.75
1,1548133979565,6.79,1.19,-3.24
1,1548133979566,6.95,1.15,-3.61
1,1548133979566,7.26,1.19,-4.06
1,1548133979638,7.55,1.42,-4.39
1,1548133979639,7.73,1.87,-4.78
1,1548133979640,7.51,1.85,-5.0
1,1548133979656,7.28,1.89,-4.86
1,1548133979657,7.3,2.01,-4.55
1,1548133979658,7.32,2.2,-3.69
1,1548133979658,7.14,2.2,-3.51
1,1548133979659,7.2,2.2,-3.3
1,1548133979788,7.16,2.08,-3.02
1,1548133979789,7.05,1.91,-3.45
1,1548133979789,7.22,1.85,-3.61
1,1548133979790,7.46,1.79,-3.59
1,1548133979790,7.65,1.71,-3.35
1,1548133979865,7.5,1.6,-3.12
1,1548133979866,7.03,1.38,-2.71
1,1548133979866,6.77,1.25,-2.61
1,1548133979867,6.99,0.93,-2.77
1,1548133979867,7.53,0.99,-3.14
1,1548133979868,8.71,1.3,-3.96
1,1548133979889,9.19,1.64,-4.31
1,1548133979889,9.51,1.83,-4.35
1,1548133979934,9.55,1.87,-4.27
1,1548133979935,9.96,1.79,-3.92
1,1548133979955,9.86,1.73,-4.06
1,1548133979955,9.94,1.67,-4.08
1,1548133979955,10.07,1.58,-3.88
1,1548133979956,9.84,0.74,-3.28
1,1548133979956,9.53,0.35,-3.1
1,1548133979956,9.33,0.21,-3.14
1,1548133980008,9.31,0.27,-3.49
1,1548133980022,9.51,0.74,-4.29
1,1548133980022,9.6,0.87,-4.76
1,1548133980022,9.78,0.72,-5.15
1,1548133980023,9.86,0.27,-5.23
1,1548133980023,9.7,-0.5,-4.98
1,1548133980023,9.8,-0.27,-5.42
1,1548133980023,9.74,0.13,-5.72
1,1548133980083,9.6,0.41,-5.93
1,1548133980105,9.35,0.5,-5.64
1,1548133980106,9.27,0.42,-5.37
1,1548133980106,9.33,0.42,-5.21
1,1548133980106,9.16,0.21,-5.15
1,1548133980106,9.04,-0.03,-4.96
1,1548133980106,8.69,-0.13,-4.88
1,1548133980107,8.59,-0.09,-4.92
1,1548133980158,8.69,-0.07,-5.19
1,1548133980173,8.8,-0.07,-5.29
1,1548133980173,8.84,0.03,-4.74
1,1548133980174,8.73,0.03,-4.33
1,1548133980174,8.59,-0.13,-3.96
1,1548133980174,8.55,-0.33,-3.9
1,1548133980174,8.84,-0.37,-4.06
1,1548133980235,8.88,-0.44,-4.19
1,1548133980236,8.98,-0.46,-4.21
1,1548133980237,9.1,-0.44,-4.23
1,1548133980238,9.1,-0.31,-3.98
1,1548133980238,9.08,-0.05,-3.9
1,1548133980238,9.02,0.05,-3.78
1,1548133980238,9.02,0.11,-3.71
1,1548133980238,9.19,-0.27,-3.06
1,1548133980308,9.23,-0.44,-2.96
1,1548133980308,9.29,-0.58,-3.02
1,1548133980326,9.27,-0.58,-3.18
1,1548133980326,9.33,-0.42,-3.12
1,1548133980327,9.41,-0.17,-3.2
1,1548133980327,9.43,0.05,-3.22
1,1548133980327,9.45,0.11,-3.16
1,1548133980388,9.72,0.01,-3.04
1,1548133980388,9.86,-0.09,-3.0
1,1548133980389,9.9,0.09,-3.14
1,1548133980389,9.94,0.25,-3.32
1,1548133980389,9.86,0.29,-3.49
1,1548133980389,10.01,0.37,-3.63
1,1548133980389,9.9,0.23,-3.61
1,1548133980389,9.74,0.17,-3.69
1,1548133980458,9.7,0.29,-3.73
1,1548133980458,9.58,0.68,-3.76
1,1548133980458,9.53,0.72,-3.78
1,1548133980459,9.47,0.7,-3.9
1,1548133980475,9.39,0.7,-3.98
1,1548133980476,9.33,1.05,-4.0
1,1548133980476,9.21,1.26,-4.1
1,1548133980533,9.14,1.36,-4.25
1,1548133980533,9.12,1.28,-4.66
1,1548133980533,9.37,1.5,-4.92
1,1548133980541,9.35,1.28,-4.92
1,1548133980542,9.39,1.07,-4.96
1,1548133980542,9.53,1.07,-5.0
1,1548133980542,9.53,1.13,-5.01
1,1548133980542,9.47,1.3,-4.9
1,1548133980609,9.43,1.54,-4.72
1,1548133980627,9.33,1.71,-4.58
1,1548133980628,9.43,1.79,-4.37
1,1548133980628,9.64,1.66,-4.39
1,1548133980629,10.05,1.64,-4.66
1,1548133980629,10.54,1.64,-5.0
1,1548133980630,11.13,1.64,-5.27
1,1548133980630,11.48,1.83,-4.92
1,1548133980762,10.85,2.03,-4.64
1,1548133980763,10.01,2.38,-4.43
1,1548133980763,9.02,2.38,-4.58
1,1548133980763,7.53,1.07,-4.53
1,1548133980764,7.12,0.52,-4.29
1,1548133980834,6.91,0.44,-3.98
1,1548133980844,6.79,0.93,-3.75
1,1548133980845,7.2,1.95,-3.3
1,1548133980845,7.67,2.26,-2.92
1,1548133980845,7.94,2.59,-2.67
1,1548133980845,7.89,3.14,-2.4
1,1548133980845,8.04,3.43,-2.32
1,1548133980908,8.37,3.47,-2.36
1,1548133980909,8.63,3.51,-2.34
1,1548133980930,8.43,2.65,-2.69
1,1548133980931,8.41,2.36,-2.79
1,1548133980931,8.12,1.89,-2.89
1,1548133980931,8.1,1.89,-2.87
1,1548133980932,8.12,1.91,-2.85
1,1548133980932,8.16,1.97,-2.79
1,1548133980983,8.28,1.97,-2.79
1,1548133980983,8.33,2.07,-2.69
1,1548133980983,8.24,2.05,-2.67
1,1548133980995,8.1,2.12,-2.71
1,1548133980996,8.02,2.2,-2.89
1,1548133980996,7.98,2.3,-2.98
1,1548133980996,7.92,2.3,-2.98
1,1548133980996,7.89,2.34,-3.02
1,1548133981063,7.81,2.26,-2.92
1,1548133981063,7.61,2.1,-2.94
1,1548133981064,7.57,2.01,-3.0
1,1548133981064,7.59,2.05,-3.16
1,1548133981065,7.65,2.07,-3.24
1,1548133981133,7.57,1.91,-3.71
1,1548133981134,7.81,1.73,-4.19
1,1548133981135,8.28,1.4,-4.17
1,1548133981135,8.32,0.97,-4.17
1,1548133981136,8.35,1.28,-5.03
1,1548133981136,9.74,3.24,-6.79
1,1548133981136,11.17,5.37,-7.98
1,1548133981148,11.87,5.33,-9.04
1,1548133981209,13.1,4.74,-8.28
1,1548133981230,9.8,5.74,-6.58
1,1548133981231,9.74,5.11,-5.03
1,1548133981231,9.8,4.49,-5.21
1,1548133981231,10.07,3.28,-4.62
1,1548133981232,10.13,1.99,-4.14
1,1548133981232,10.01,1.48,-3.75
1,1548133981232,9.49,0.82,-3.28
1,1548133981284,9.53,0.6,-3.12
1,1548133981297,9.9,0.54,-2.83
1,1548133981298,10.21,0.39,-2.73
1,1548133981298,10.37,0.37,-2.28
1,1548133981298,10.17,0.56,-2.05
1,1548133981298,10.03,0.8,-1.91
1,1548133981299,9.94,1.03,-1.97
1,1548133981299,10.19,0.99,-1.81
1,1548133981359,10.21,0.99,-1.87
1,1548133981383,10.25,0.95,-1.89
1,1548133981384,10.29,0.78,-1.75
1,1548133981384,10.15,0.17,-1.34
1,1548133981384,10.15,0.64,-1.56
1,1548133981384,9.96,0.8,-1.73
1,1548133981385,9.68,0.85,-1.83
1,1548133981385,9.31,1.13,-2.01
1,1548133981433,9.27,1.13,-2.07
1,1548133981433,9.23,1.19,-1.85
1,1548133981434,9.12,1.25,-1.73
1,1548133981449,9.04,1.52,-1.91
1,1548133981450,9.12,1.44,-2.05
1,1548133981450,9.19,1.23,-2.08
1,1548133981450,9.12,1.05,-2.01
1,1548133981450,8.73,0.91,-2.03
1,1548133981509,8.43,0.82,-1.93
1,1548133981509,8.28,0.82,-2.01
1,1548133981523,8.18,0.78,-2.12
1,1548133981524,8.16,0.68,-2.38
1,1548133981525,8.28,0.48,-2.67
1,1548133981526,8.32,0.39,-2.77
1,1548133981526,8.39,0.33,-2.89
1,1548133981605,8.41,0.27,-3.12
1,1548133981606,8.26,0.35,-3.47
1,1548133981606,8.0,0.6,-3.8
1,1548133981606,7.89,0.89,-4.29
1,1548133981606,7.92,1.17,-4.9
1,1548133981607,8.47,1.52,-5.8
1,1548133981607,8.82,1.83,-5.91
1,1548133981607,9.23,2.12,-6.13
1,1548133981660,9.47,2.77,-6.4
1,1548133981667,9.76,3.96,-7.14
1,1548133981668,9.78,4.35,-7.46
1,1548133981668,9.68,4.68,-7.94
1,1548133981668,9.98,4.92,-8.14
1,1548133981669,10.91,4.9,-7.4
1,1548133981669,11.83,4.39,-5.39
1,1548133981743,11.21,4.12,-4.1
1,1548133981745,10.05,3.9,-2.98
1,1548133981745,8.9,3.63,-2.1
1,1548133981746,8.3,2.34,-2.32
1,1548133981746,8.61,1.73,-2.63
1,1548133981747,8.96,0.99,-2.53
1,1548133981748,9.21,0.42,-2.14
1,1548133981748,9.08,-0.07,-1.07
1,1548133981819,8.76,0.19,-0.74
1,1548133981823,8.59,0.58,-0.64
1,1548133981824,8.59,0.97,-0.68
1,1548133981826,8.82,1.34,-0.62
1,1548133981827,8.94,1.42,-0.64
1,1548133981829,8.92,1.46,-0.58
1,1548133981830,8.73,1.54,-0.58
1,1548133981909,8.47,1.77,-0.58
1,1548133981910,8.45,1.85,-0.64
1,1548133981910,8.53,1.87,-0.68
1,1548133981911,8.55,1.89,-0.82
1,1548133981912,8.55,1.89,-1.28
1,1548133981913,8.61,1.89,-1.5
1,1548133981913,8.69,1.87,-1.67
1,1548133981914,8.67,1.89,-1.85
1,1548133981963,8.65,1.87,-2.05
1,1548133981964,8.61,1.85,-2.5
1,1548133981965,8.63,1.75,-2.57
1,1548133981966,8.69,1.56,-2.67
1,1548133981967,8.73,1.46,-2.55
1,1548133981968,8.76,1.4,-2.59
1,1548133981969,8.75,1.32,-2.73
1,1548133982038,8.78,1.21,-2.89
1,1548133982040,8.8,1.19,-2.91
1,1548133982042,8.69,0.93,-2.92
1,1548133982043,8.61,0.85,-2.89
1,1548133982044,8.65,0.68,-2.77
1,1548133982045,8.78,0.7,-2.85
1,1548133982046,8.9,0.95,-2.77
1,1548133982046,8.84,1.11,-2.77
1,1548133982123,8.76,1.3,-2.81
1,1548133982126,8.75,1.48,-2.79
1,1548133982128,8.67,1.52,-2.81
1,1548133982130,8.65,1.5,-2.85
1,1548133982132,8.59,1.46,-2.94
1,1548133982135,8.61,1.44,-3.04
1,1548133982139,8.61,1.44,-3.24
1,1548133982186,8.94,1.42,-3.61
1,1548133982206,9.1,1.28,-3.59
1,1548133982207,9.21,1.28,-3.61
1,1548133982207,9.21,1.46,-3.69
1,1548133982207,9.17,1.62,-4.02
1,1548133982208,9.33,1.54,-4.06
1,1548133982208,9.43,1.44,-4.17
1,1548133982208,9.68,1.3,-4.43
1,1548133982260,10.66,0.66,-4.84
1,1548133982260,11.13,0.41,-4.74
1,1548133982273,11.28,0.19,-4.43
1,1548133982274,11.13,-0.01,-4.1
1,1548133982274,10.6,-0.25,-3.96
1,1548133982274,10.66,-0.52,-4.1
1,1548133982274,10.95,-0.85,-4.27
1,1548133982337,11.03,-1.28,-4.1
1,1548133982337,11.09,-1.91,-3.75
1,1548133982338,11.13,-1.83,-3.47
1,1548133982338,10.82,-1.67,-3.3
1,1548133982338,10.6,-1.36,-3.32
1,1548133982339,10.68,-0.8,-3.28
1,1548133982339,10.68,-0.72,-3.24
1,1548133982356,10.68,-0.78,-3.3
1,1548133982413,10.74,-0.8,-3.39
1,1548133982414,10.7,-0.76,-3.41
1,1548133982415,10.58,-0.46,-3.59
1,1548133982415,10.56,-0.41,-3.82
1,1548133982416,10.48,-0.46,-3.96
1,1548133982416,10.37,-0.5,-4.12
1,1548133982417,10.29,-0.39,-4.19
1,1548133982485,10.15,-0.41,-4.21
1,1548133982507,9.94,-0.46,-4.19
1,1548133982508,9.76,-0.5,-4.06
1,1548133982508,9.57,-0.62,-3.96
1,1548133982509,9.6,-0.64,-3.8
1,1548133982509,9.51,-0.74,-3.71
1,1548133982510,9.53,-0.82,-3.65
1,1548133982510,9.7,-0.8,-3.76
1,1548133982563,9.7,-0.78,-3.73
1,1548133982576,9.62,-0.78,-3.73
1,1548133982578,9.49,-0.74,-3.69
1,1548133982579,9.51,-0.25,-3.82
1,1548133982580,9.58,0.15,-3.92
1,1548133982580,9.66,0.5,-4.08
1,1548133982581,9.64,0.74,-4.12
1,1548133982582,9.27,1.03,-4.17
1,1548133982639,9.06,1.05,-4.27
1,1548133982640,8.88,1.11,-4.33
1,1548133982640,8.71,1.07,-4.43
1,1548133982641,8.47,0.97,-4.58
1,1548133982642,8.14,0.74,-4.92
1,1548133982643,8.12,0.78,-5.09
1,1548133982643,8.22,0.99,-5.25
1,1548133982715,8.37,1.19,-5.39
1,1548133982716,8.24,1.28,-5.42
1,1548133982717,8.06,1.17,-5.35
1,1548133982718,7.83,1.05,-5.23
1,1548133982719,7.85,1.05,-5.11
1,1548133982720,8.3,1.11,-5.23
1,1548133982720,8.51,1.25,-5.05
1,1548133982721,8.67,1.38,-5.0
1,1548133982787,8.61,1.26,-5.07
1,1548133982788,8.35,0.95,-4.8
1,1548133982789,8.43,1.11,-4.7
1,1548133982790,8.51,1.34,-4.7
1,1548133982790,8.61,1.62,-4.74
1,1548133982790,8.78,1.85,-4.7
1,1548133982791,8.84,1.87,-4.64
1,1548133982862,9.04,1.75,-4.53
1,1548133982863,9.14,1.52,-4.33
1,1548133982864,9.16,1.32,-4.19
1,1548133982865,9.08,0.82,-4.06
1,1548133982865,9.08,0.76,-4.1
1,1548133982866,9.23,0.76,-4.1
1,1548133982867,9.41,0.89,-4.16
1,1548133982867,9.43,1.09,-4.21
1,1548133982934,9.41,1.11,-4.23
1,1548133982935,9.43,1.17,-4.33
1,1548133982935,9.58,1.28,-4.25
1,1548133982936,9.82,1.5,-4.16
1,1548133982936,9.74,1.48,-4.16
1,1548133982936,9.57,1.3,-4.14
1,1548133982937,9.43,1.19,-4.16
1,1548133983009,9.39,1.21,-4.16
1,1548133983010,9.41,1.3,-4.14
1,1548133983011,9.39,1.46,-4.04
1,1548133983012,9.33,1.64,-3.96
1,1548133983012,9.14,1.83,-3.76
1,1548133983013,8.96,1.85,-3.76
1,1548133983014,8.84,1.87,-3.73
1,1548133983014,8.75,1.85,-3.78
1,1548133983083,8.75,1.85,-3.73
1,1548133983084,8.67,1.87,-3.57
1,1548133983084,8.55,1.93,-3.59
1,1548133983084,8.45,1.97,-3.59
1,1548133983085,8.33,2.05,-3.59
1,1548133983085,8.28,2.12,-3.65
1,1548133983085,8.35,2.14,-3.76
1,1548133983162,8.47,2.2,-3.73
1,1548133983163,8.51,2.24,-3.59
1,1548133983163,8.26,2.46,-3.45
1,1548133983163,8.22,2.57,-3.51
1,1548133983164,8.24,2.55,-3.47
1,1548133983236,8.22,2.48,-3.32
1,1548133983237,8.08,2.28,-3.24
1,1548133983238,8.1,2.28,-3.32
1,1548133983240,8.18,2.2,-3.28
1,1548133983240,8.18,2.12,-3.26
1,1548133983241,8.16,2.05,-3.26
1,1548133983241,8.24,2.24,-3.02
1,1548133983242,8.22,2.38,-3.02
1,1548133983309,8.1,2.55,-3.06
1,1548133983310,8.24,2.51,-3.3
1,1548133983310,8.32,2.59,-3.37
1,1548133983310,8.37,2.59,-3.51
1,1548133983311,8.45,2.53,-3.51
1,1548133983311,8.53,2.63,-3.51
1,1548133983311,8.61,2.63,-3.59
1,1548133983312,8.76,2.65,-3.69
1,1548133983383,8.94,2.57,-3.86
1,1548133983383,9.14,2.44,-4.0
1,1548133983384,9.14,2.5,-3.78
1,1548133983384,9.08,2.5,-3.61
1,1548133983384,9.04,2.36,-3.43
1,1548133983384,9.12,2.07,-3.33
1,1548133983395,9.29,1.91,-3.41
1,1548133983396,9.47,1.89,-3.39
1,1548133983459,9.41,1.85,-3.47
1,1548133983459,9.25,1.87,-3.45
1,1548133983459,9.21,1.77,-3.43
1,1548133983460,9.27,1.75,-3.55
1,1548133983480,9.29,1.77,-3.63
1,1548133983481,9.33,1.77,-3.67
1,1548133983481,9.29,1.79,-3.71
1,1548133983482,9.31,1.73,-3.84
1,1548133983533,9.29,1.67,-4.0
1,1548133983533,9.41,1.69,-4.23
1,1548133983548,9.45,1.85,-4.58
1,1548133983548,9.43,1.83,-4.29
1,1548133983549,9.37,1.64,-4.08
1,1548133983549,9.25,1.21,-4.16
1,1548133983549,8.92,0.25,-4.47
1,1548133983549,8.96,-0.07,-4.55
1,1548133983609,9.33,-0.09,-4.64
1,1548133983610,9.84,0.48,-4.33
1,1548133983610,8.47,1.05,-4.86
1,1548133983610,8.28,-0.35,-5.64
1,1548133983611,8.84,-1.48,-6.09
1,1548133983611,9.62,-1.95,-5.13
1,1548133983611,9.19,0.35,-3.61
1,1548133983685,8.73,1.97,-3.16
1,1548133983686,8.67,3.16,-2.77
1,1548133983687,8.55,3.82,-3.92
1,1548133983688,8.37,3.28,-5.46
1,1548133983688,10.05,0.58,-6.01
1,1548133983689,10.37,-0.46,-5.99
1,1548133983689,10.07,-0.76,-5.99
1,1548133983690,10.29,-0.74,-6.17
1,1548133983759,8.28,-0.11,-8.43
1,1548133983760,8.14,1.32,-7.26
1,1548133983760,9.57,1.44,-5.56
1,1548133983761,8.98,0.8,-6.11
1,1548133983766,8.32,0.29,-6.01
1,1548133983767,8.41,0.44,-6.19
1,1548133983767,8.47,0.93,-5.91
1,1548133983834,8.33,1.64,-5.5
1,1548133983834,7.79,2.28,-4.94
1,1548133983834,7.69,2.18,-4.53
1,1548133983849,7.63,1.87,-4.35
1,1548133983849,7.67,1.42,-4.45
1,1548133983850,7.94,0.46,-4.43
1,1548133983850,7.79,0.27,-4.6
1,1548133983850,7.63,0.19,-4.78
1,1548133983910,7.75,0.37,-4.8
1,1548133983911,7.92,0.66,-4.66
1,1548133983917,7.85,1.13,-4.68
1,1548133983918,7.81,1.13,-4.7
1,1548133983918,7.75,1.19,-4.43
1,1548133983918,7.69,1.21,-4.16
1,1548133983918,7.73,0.99,-3.76
1,1548133983919,7.96,1.03,-3.94
1,1548133983983,8.33,1.26,-4.1
1,1548133983985,8.59,1.66,-4.16
1,1548133983986,8.94,2.28,-4.25
1,1548133983986,9.17,2.32,-4.1
1,1548133983987,9.29,2.12,-3.71
1,1548133983988,9.45,2.07,-3.49
1,1548133983989,9.96,1.91,-3.59
1,1548133984061,10.13,1.69,-3.92
1,1548133984062,10.19,0.7,-4.29
1,1548133984062,10.25,-0.7,-3.24
1,1548133984063,9.51,0.54,-1.46
1,1548133984063,9.29,1.54,-1.38
1,1548133984063,9.39,1.95,-1.85
1,1548133984063,9.6,2.16,-2.34
1,1548133984064,9.58,1.89,-2.89
1,1548133984133,9.41,1.64,-3.12
1,1548133984134,9.29,1.3,-3.06
1,1548133984135,9.23,1.34,-2.83
1,1548133984153,9.17,1.52,-2.57
1,1548133984153,9.06,1.56,-2.36
1,1548133984154,8.94,1.56,-2.5
1,1548133984154,8.88,1.64,-2.83
1,1548133984208,8.96,1.69,-3.04
1,1548133984208,9.14,1.81,-3.12
1,1548133984218,9.21,1.91,-3.32
1,1548133984218,9.25,2.26,-3.71
1,1548133984219,9.41,2.57,-3.78
1,1548133984219,9.29,2.5,-2.36
1,1548133984219,8.92,2.57,-1.73
1,1548133984219,8.76,2.59,-1.64
1,1548133984283,8.88,2.32,-1.75
1,1548133984283,9.66,1.64,-1.85
1,1548133984284,9.84,1.28,-1.95
1,1548133984284,10.0,1.07,-1.93
1,1548133984284,10.05,1.03,-1.75
1,1548133984302,9.55,1.5,-0.66
1,1548133984303,8.84,1.91,-0.8
1,1548133984361,8.26,2.14,-1.46
1,1548133984361,8.33,2.2,-2.01
1,1548133984362,8.76,1.95,-2.24
1,1548133984362,9.43,1.73,-2.77
1,1548133984362,9.68,1.52,-2.59
1,1548133984436,9.78,1.23,-2.2
1,1548133984436,9.62,1.01,-1.81
1,1548133984436,9.21,1.03,-1.64
1,1548133984437,9.1,0.99,-1.62
1,1548133984437,9.04,0.95,-1.66
1,1548133984437,9.04,0.95,-1.73
1,1548133984438,8.98,0.76,-2.14
1,1548133984438,8.88,0.58,-2.63
1,1548133984511,8.9,0.62,-3.14
1,1548133984512,9.14,1.07,-3.57
1,1548133984513,9.17,1.21,-3.75
1,1548133984513,9.19,1.46,-4.06
1,1548133984513,9.21,1.67,-4.55
1,1548133984514,9.37,1.81,-5.25
1,1548133984523,9.47,1.83,-5.29
1,1548133984525,9.58,1.87,-5.39
1,1548133984590,9.66,1.87,-5.44
1,1548133984593,9.57,2.2,-5.54
1,1548133984595,9.47,2.55,-5.33
1,1548133984596,9.27,2.75,-5.17
1,1548133984597,9.06,2.79,-5.21
1,1548133984598,8.84,2.75,-5.15
1,1548133984600,8.84,2.46,-5.03
1,1548133984601,9.08,2.3,-4.88
1,1548133984659,9.0,2.22,-4.8
1,1548133984680,8.84,2.12,-4.88
1,1548133984682,8.65,1.87,-4.55
1,1548133984682,8.55,1.85,-4.14
1,1548133984683,8.53,1.87,-3.9
1,1548133984684,8.65,1.81,-3.8
1,1548133984685,8.76,1.4,-3.61
1,1548133984686,8.86,1.25,-3.73
1,1548133984735,9.0,1.13,-3.82
1,1548133984736,9.08,1.05,-3.8
1,1548133984738,8.96,1.28,-3.51
1,1548133984739,9.1,1.44,-3.41
1,1548133984739,9.47,1.52,-3.37
1,1548133984742,9.84,1.56,-3.43
1,1548133984743,9.76,1.64,-3.41
1,1548133984811,9.51,1.67,-3.28
1,1548133984812,9.23,1.77,-3.18
1,1548133984831,9.12,1.81,-3.0
1,1548133984832,9.12,1.85,-2.87
1,1548133984832,9.31,1.85,-3.0
1,1548133984833,9.39,1.79,-3.02
1,1548133984834,9.29,1.66,-3.06
1,1548133984834,9.16,1.58,-3.06
1,1548133984903,8.73,1.62,-3.26
1,1548133984904,8.63,1.66,-3.24
1,1548133984904,8.75,1.64,-3.24
1,1548133984904,8.73,1.66,-3.32
1,1548133984905,8.53,1.64,-3.59
1,1548133984905,8.51,1.62,-3.67
1,1548133984905,8.51,1.62,-3.76
1,1548133984905,8.53,1.66,-3.86
1,1548133984961,8.73,1.81,-4.1
1,1548133984961,8.92,1.75,-4.19
1,1548133984961,9.06,1.62,-4.21
1,1548133984977,9.06,1.56,-4.08
1,1548133984977,8.71,1.69,-3.98
1,1548133984977,8.71,1.77,-4.02
1,1548133984978,8.88,1.69,-4.19
1,1548133985043,9.06,1.62,-4.21
1,1548133985043,9.21,1.52,-4.23
1,1548133985044,9.27,1.42,-4.04
1,1548133985045,9.19,1.46,-3.9
1,1548133985045,9.06,1.5,-3.71
1,1548133985046,8.94,1.62,-3.63
1,1548133985046,8.88,1.66,-3.59
1,1548133985047,8.88,1.64,-3.49
1,1548133985110,8.92,1.62,-3.51
1,1548133985111,8.94,1.6,-3.53
1,1548133985127,8.96,1.54,-3.63
1,1548133985129,8.98,1.46,-3.65
1,1548133985130,9.1,1.44,-3.57
1,1548133985131,9.17,1.4,-3.47
1,1548133985132,9.06,1.69,-3.49
1,1548133985184,9.04,1.71,-3.35
1,1548133985193,8.9,1.77,-3.32
1,1548133985193,8.8,1.81,-3.43
1,1548133985194,9.02,1.73,-3.84
1,1548133985194,9.19,1.67,-3.98
1,1548133985194,9.27,1.67,-4.04
1,1548133985194,9.25,1.73,-4.0
1,1548133985194,9.02,1.81,-3.71
1,1548133985260,8.86,1.81,-3.57
1,1548133985261,8.73,1.85,-3.47
1,1548133985261,8.76,1.87,-3.43
1,1548133985263,8.78,1.85,-3.55
1,1548133985264,8.84,1.85,-3.76
1,1548133985265,8.82,1.85,-3.86
1,1548133985266,8.9,1.81,-4.02
1,1548133985337,8.98,1.71,-4.08
1,1548133985338,9.14,1.71,-3.98
1,1548133985338,9.1,1.81,-3.9
1,1548133985338,8.98,1.87,-3.82
1,1548133985339,8.9,1.87,-3.82
1,1548133985339,8.92,1.85,-3.98
1,1548133985339,9.04,1.81,-3.98
1,1548133985340,9.06,1.79,-4.02
1,1548133985411,9.02,1.75,-3.98
1,1548133985412,8.9,1.81,-3.84
1,1548133985412,8.94,1.83,-3.84
1,1548133985430,9.0,1.79,-3.84
1,1548133985431,9.0,1.73,-3.86
1,1548133985431,8.96,1.67,-4.04
1,1548133985431,9.0,1.67,-4.1
1,1548133985486,9.0,1.69,-4.08
1,1548133985500,9.0,1.69,-4.12
1,1548133985501,9.04,1.75,-4.14
1,1548133985502,9.04,1.75,-4.06
1,1548133985518,9.02,1.71,-3.96
1,1548133985518,8.98,1.71,-3.9
1,1548133985519,8.96,1.71,-3.86
1,1548133985520,8.98,1.66,-3.92
1,1548133985558,8.96,1.66,-3.88
1,1548133985583,9.02,1.6,-3.94
1,1548133985584,9.02,1.54,-3.94
1,1548133985585,8.96,1.64,-3.78
1,1548133985585,8.98,1.67,-3.73
1,1548133985585,8.96,1.71,-3.76
1,1548133985586,9.0,1.75,-3.86
1,1548133985586,9.12,1.73,-4.08
1,1548133985633,9.19,1.69,-4.16
1,1548133985634,9.17,1.66,-4.19
1,1548133985650,9.16,1.69,-4.12
1,1548133985651,8.96,1.73,-3.9
1,1548133985651,8.9,1.71,-3.84
1,1548133985651,8.94,1.67,-3.88
1,1548133985652,9.04,1.6,-3.98
1,1548133985711,9.14,1.64,-4.14
1,1548133985711,9.08,1.77,-4.23
1,1548133985730,8.98,1.83,-4.1
1,1548133985731,8.96,1.81,-4.04
1,1548133985731,9.0,1.79,-3.9
1,1548133985731,9.19,1.69,-3.69
1,1548133985731,9.16,1.73,-3.59
1,1548133985732,9.12,1.77,-3.53
1,1548133985789,9.02,1.79,-3.51
1,1548133985790,8.98,1.81,-3.39
1,1548133985791,8.98,1.81,-3.32
1,1548133985792,9.02,1.85,-3.3
1,1548133985793,9.06,1.85,-3.32
1,1548133985794,9.1,1.83,-3.32
1,1548133985795,9.1,1.77,-3.33
1,1548133985861,9.08,1.75,-3.32
1,1548133985863,9.0,1.73,-3.26
1,1548133985864,9.12,1.77,-3.37
1,1548133985865,9.21,1.79,-3.41
1,1548133985866,9.23,1.81,-3.39
1,1548133985867,9.19,1.81,-3.33
1,1548133985868,9.06,1.81,-3.33
1,1548133985869,9.16,1.73,-3.35
1,1548133985935,9.29,1.56,-3.32
1,1548133985936,9.29,1.52,-3.32
1,1548133985937,9.33,1.52,-3.35
1,1548133985937,9.23,1.62,-3.28
1,1548133985938,9.1,1.71,-3.33
1,1548133985938,9.02,1.77,-3.33
1,1548133985939,9.04,1.77,-3.39
1,1548133986011,9.04,1.81,-3.51
1,1548133986012,9.0,1.75,-3.65
1,1548133986012,9.02,1.73,-3.84
1,1548133986036,9.12,1.66,-3.96
1,1548133986036,9.19,1.64,-3.9
1,1548133986037,9.12,1.73,-3.78
1,1548133986037,8.86,1.83,-3.65
1,1548133986037,8.82,1.83,-3.65
1,1548133986094,8.84,1.75,-3.96
1,1548133986095,8.94,1.71,-4.12
1,1548133986095,9.04,1.77,-4.16
1,1548133986095,9.06,1.77,-4.12
1,1548133986096,8.84,1.83,-3.96
1,1548133986096,8.75,1.81,-3.86
1,1548133986096,8.67,1.77,-3.84
1,1548133986163,8.59,1.69,-3.86
1,1548133986185,8.57,1.62,-3.92
1,1548133986185,8.57,1.44,-4.14
1,1548133986185,8.67,1.44,-4.17
1,1548133986186,8.69,1.42,-4.23
1,1548133986186,8.69,1.42,-4.19
1,1548133986186,8.65,1.62,-4.27
1,1548133986186,8.73,1.73,-4.21
1,1548133986237,8.73,1.85,-4.1
1,1548133986252,8.61,1.85,-4.14
1,1548133986253,8.61,1.83,-4.25
1,1548133986253,8.73,1.83,-4.29
1,1548133986253,8.82,1.71,-4.39
1,1548133986253,8.92,1.67,-4.43
1,1548133986254,9.06,1.69,-4.27
1,1548133986311,9.04,1.83,-4.12
1,1548133986312,8.88,1.87,-3.94
1,1548133986313,8.8,1.87,-3.92
1,1548133986313,8.98,1.85,-3.92
1,1548133986314,9.06,1.83,-3.98
1,1548133986314,9.16,1.81,-3.94
1,1548133986316,9.19,1.75,-3.88
1,1548133986317,9.1,1.69,-3.88
1,1548133986389,9.04,1.52,-3.76
1,1548133986390,9.08,1.52,-3.78
1,1548133986391,9.12,1.56,-3.71
1,1548133986391,9.1,1.67,-3.67
1,1548133986392,9.08,1.77,-3.73
1,1548133986392,9.1,1.75,-3.78
1,1548133986393,9.17,1.71,-3.82
1,1548133986393,9.19,1.64,-3.82
1,1548133986465,9.27,1.6,-3.88
1,1548133986467,9.29,1.64,-3.78
1,1548133986469,9.19,1.69,-3.8
1,1548133986470,9.16,1.77,-3.82
1,1548133986472,9.27,1.81,-3.92
1,1548133986473,9.31,1.87,-3.8
1,1548133986476,9.31,1.85,-3.61
1,1548133986540,9.25,1.75,-3.55
1,1548133986543,9.27,1.21,-4.49
1,1548133986545,9.58,1.44,-4.64
1,1548133986548,9.82,1.87,-4.7
1,1548133986549,9.98,2.38,-4.51
1,1548133986551,9.88,2.73,-3.98
1,1548133986553,9.04,2.2,-3.43
1,1548133986554,9.12,2.01,-2.92
1,1548133986613,9.1,1.85,-2.75
1,1548133986614,8.94,1.67,-3.28
1,1548133986615,9.16,1.03,-4.37
1,1548133986616,9.16,0.87,-4.78
1,1548133986616,9.12,0.8,-4.64
1,1548133986617,8.86,0.91,-4.37
1,1548133986618,8.18,1.15,-4.21
1,1548133986687,8.1,1.34,-3.82
1,1548133986688,8.1,1.67,-3.78
1,1548133986689,7.92,1.77,-3.94
1,1548133986690,8.26,1.17,-4.33
1,1548133986691,8.45,1.48,-4.43
1,1548133986691,8.51,1.77,-4.41
1,1548133986692,7.89,1.66,-4.06
1,1548133986692,8.14,1.54,-3.67
1,1548133986764,8.41,1.54,-3.67
1,1548133986765,8.53,1.6,-3.63
1,1548133986790,8.61,1.66,-3.57
1,1548133986791,8.67,1.36,-3.75
1,1548133986791,8.8,1.28,-4.02
1,1548133986792,8.96,1.46,-4.14
1,1548133986793,9.08,1.75,-4.16
1,1548133986838,9.14,1.91,-4.06
1,1548133986839,8.8,2.3,-3.88
1,1548133986856,8.76,2.16,-3.76
1,1548133986857,8.92,1.91,-3.59
1,1548133986858,9.08,1.79,-3.39
1,1548133986858,9.43,1.21,-3.0
1,1548133986912,9.23,1.11,-3.04
1,1548133986912,9.12,1.01,-3.24
1,1548133986913,8.98,0.95,-3.28
1,1548133986922,9.02,1.28,-3.65
1,1548133986923,9.12,1.52,-3.84
1,1548133986923,9.23,1.75,-3.98
1,1548133986923,9.35,1.89,-4.16
1,1548133986924,9.29,2.03,-4.14
1,1548133986987,9.23,1.95,-4.0
1,1548133986989,9.06,1.89,-3.84
1,1548133986990,8.98,1.87,-3.69
1,1548133986991,8.96,1.85,-3.61
1,1548133986994,9.02,1.85,-3.63
1,1548133986995,9.02,1.87,-3.61
1,1548133986996,8.96,1.87,-3.55
1,1548133986997,8.88,1.85,-3.51
1,1548133987064,8.59,1.56,-3.88
1,1548133987078,8.65,1.48,-3.98
1,1548133987079,8.88,1.54,-4.12
1,1548133987080,9.04,1.62,-4.14
1,1548133987080,8.88,1.85,-4.14
1,1548133987081,8.75,1.89,-4.1
1,1548133987082,8.61,2.01,-4.12
1,1548133987083,8.51,2.12,-4.17
1,1548133987135,8.65,2.01,-4.64
1,1548133987136,8.88,1.91,-4.78
1,1548133987137,9.06,1.85,-4.96
1,1548133987137,9.16,1.81,-4.96
1,1548133987137,9.0,1.75,-4.62
1,1548133987138,8.8,1.81,-4.35
1,1548133987138,8.63,1.85,-4.12
1,1548133987138,8.59,1.87,-4.16
1,1548133987209,8.96,1.77,-4.35
1,1548133987210,9.16,1.73,-4.27
1,1548133987211,9.16,1.69,-4.12
1,1548133987211,9.0,1.66,-3.9
1,1548133987212,8.57,1.52,-3.61
1,1548133987212,8.59,1.48,-3.59
1,1548133987213,8.71,1.6,-3.59
1,1548133987213,8.86,1.77,-3.67
1,1548133987289,9.12,1.77,-3.69
1,1548133987291,9.21,1.62,-3.63
1,1548133987292,9.12,1.64,-3.47
1,1548133987294,9.0,1.71,-3.33
1,1548133987295,8.92,1.73,-3.37
1,1548133987296,9.04,1.62,-3.55
1,1548133987297,9.06,1.48,-3.78
1,1548133987362,9.04,1.5,-4.0
1,1548133987364,9.08,1.66,-4.12
1,1548133987365,9.27,1.87,-4.0
1,1548133987366,9.51,1.85,-3.43
1,1548133987367,9.51,1.79,-2.75
1,1548133987368,8.43,1.5,-2.83
1,1548133987369,8.82,1.87,-3.8
1,1548133987370,9.17,2.14,-4.33
1,1548133987436,9.45,2.51,-5.01
1,1548133987438,9.55,2.57,-5.25
1,1548133987438,9.53,1.87,-4.94
1,1548133987439,9.55,1.81,-4.78
1,1548133987440,9.37,1.75,-4.49
1,1548133987440,9.17,1.83,-4.31
1,1548133987441,8.67,1.83,-4.23
1,1548133987513,8.47,1.73,-4.17
1,1548133987514,8.67,1.52,-4.62
1,1548133987515,8.43,1.34,-4.94
1,1548133987531,8.24,1.34,-4.8
1,1548133987532,8.43,1.46,-3.96
1,1548133987532,8.49,1.58,-3.65
1,1548133987533,8.47,1.69,-3.51
1,1548133987533,8.14,1.83,-4.0
1,1548133987583,7.69,1.54,-5.23
1,1548133987583,8.24,1.03,-4.92
1,1548133987584,8.71,0.83,-4.33
1,1548133987594,8.86,0.82,-4.0
1,1548133987594,8.61,1.03,-3.71
1,1548133987595,8.51,1.21,-4.08
1,1548133987595,8.59,1.42,-4.64
