1,1548382929703,10.23,2.92,-1.3
1,1548382929704,10.66,2.96,-1.5
1,1548382929704,10.89,3.0,-1.6
1,1548382929704,11.17,3.04,-1.67
1,1548382929705,11.4,3.08,-1.81
1,1548382929705,11.6,3.14,-1.87
1,1548382929705,11.48,3.14,-1.89
1,1548382929772,11.25,3.14,-1.81
1,1548382929773,10.95,2.92,-1.69
1,1548382929773,10.5,2.42,-1.4
1,1548382929773,10.35,2.28,-1.21
1,1548382929774,10.19,2.26,-1.09
1,1548382929775,10.03,2.34,-1.01
1,1548382929776,9.57,2.5,-0.83
1,1548382929841,9.31,2.55,-0.78
1,1548382929857,9.12,2.59,-0.72
1,1548382929857,9.0,2.73,-0.7
1,1548382929857,8.82,2.96,-0.74
1,1548382929858,8.82,3.12,-0.97
1,1548382929858,8.92,3.1,-1.01
1,1548382929858,8.98,3.06,-1.07
1,1548382929858,9.25,3.0,-1.17
1,1548382929916,9.47,2.89,-1.15
1,1548382929917,9.62,2.79,-1.11
1,1548382929923,9.72,2.65,-1.01
1,1548382929923,9.64,2.32,-0.99
1,1548382929924,9.66,2.1,-0.83
1,1548382929924,9.82,1.93,-0.83
1,1548382929924,10.01,1.75,-0.95
1,1548382929992,10.33,1.64,-1.38
1,1548382929994,10.44,1.67,-1.62
1,1548382929995,10.58,1.75,-1.85
1,1548382929995,10.78,1.91,-2.12
1,1548382929996,11.01,2.46,-2.81
1,1548382929996,10.93,2.75,-3.18
1,1548382929996,10.97,3.08,-3.37
1,1548382929997,10.91,3.78,-3.2
1,1548382930076,10.25,4.58,-2.69
1,1548382930076,10.54,4.8,-2.4
1,1548382930076,11.01,4.51,-2.34
1,1548382930077,11.09,3.71,-2.34
1,1548382930077,10.17,2.81,-1.71
1,1548382930077,9.7,3.57,-1.83
1,1548382930078,9.37,4.02,-2.63
1,1548382930078,9.37,3.84,-3.39
1,1548382930143,9.96,1.58,-4.23
1,1548382930144,10.39,0.15,-4.51
1,1548382930144,10.54,-0.89,-4.25
1,1548382930144,10.64,-1.15,-4.02
1,1548382930145,11.42,-0.97,-3.86
1,1548382930145,11.75,-1.01,-3.88
1,1548382930145,11.83,-1.23,-3.92
1,1548382930221,11.69,-1.28,-4.19
1,1548382930221,12.22,0.85,-4.47
1,1548382930222,11.28,1.5,-4.19
1,1548382930222,13.49,2.18,-4.98
1,1548382930222,14.84,3.3,-6.58
1,1548382930293,14.53,4.02,-2.71
1,1548382930293,13.51,3.2,-1.97
1,1548382930294,12.51,1.38,-2.24
1,1548382930295,11.23,1.17,-2.07
1,1548382930295,8.96,-1.32,-0.76
1,1548382930295,8.59,-2.51,-0.97
1,1548382930295,8.71,-1.64,-1.52
1,1548382930296,9.21,-0.58,-1.71
1,1548382930377,8.73,-0.89,-0.7
1,1548382930378,8.45,-1.09,-0.15
1,1548382930378,8.53,-0.42,-0.64
1,1548382930378,9.25,1.97,-2.94
1,1548382930379,7.59,0.68,-2.5
1,1548382930379,7.36,-0.01,-2.67
1,1548382930379,7.24,2.75,-3.92
1,1548382930379,7.59,6.62,-4.23
1,1548382930442,8.08,4.7,-2.91
1,1548382930443,7.51,3.18,-1.91
1,1548382930443,7.03,2.65,-0.44
1,1548382930445,6.79,1.58,1.09
1,1548382930445,6.09,2.48,0.91
1,1548382930446,5.33,0.54,1.17
1,1548382930446,6.3,-0.21,0.33
1,1548382930446,6.01,-1.42,-2.34
1,1548382930517,7.77,-1.23,-4.68
1,1548382930517,7.81,4.12,-7.96
1,1548382930529,7.14,7.73,-9.41
1,1548382930529,8.06,6.32,-7.77
1,1548382930529,8.47,5.68,-5.95
1,1548382930530,9.1,4.06,-4.25
1,1548382930530,9.1,3.43,-2.69
1,1548382930530,9.25,2.71,-1.42
1,1548382930592,8.39,1.21,-0.56
1,1548382930593,8.22,0.6,-0.11
1,1548382930594,8.84,0.29,-0.58
1,1548382930595,10.5,2.07,-3.3
1,1548382930595,10.97,3.75,-4.49
1,1548382930595,11.23,5.05,-5.07
1,1548382930595,11.48,6.28,-5.03
1,1548382930666,10.83,6.25,-4.68
1,1548382930666,10.17,5.76,-4.35
1,1548382930667,10.19,4.86,-3.98
1,1548382930682,10.13,4.12,-3.24
1,1548382930683,9.04,2.67,-2.1
1,1548382930683,9.29,2.87,-1.99
1,1548382930741,9.74,3.82,-2.36
1,1548382930742,9.31,4.58,-1.99
1,1548382930742,7.67,4.66,-3.47
1,1548382930742,8.57,3.04,-6.4
1,1548382930742,8.28,2.75,-5.5
1,1548382930743,6.95,5.0,-4.8
1,1548382930746,7.79,2.53,-4.62
1,1548382930747,8.86,3.02,-4.51
1,1548382930817,9.6,5.93,-4.98
1,1548382930818,8.69,7.53,-5.29
1,1548382930819,7.89,8.14,-5.05
1,1548382930819,8.02,7.42,-4.35
1,1548382930820,8.76,6.54,-3.28
1,1548382930820,8.9,3.65,-1.34
1,1548382930820,9.43,-2.69,2.46
1,1548382930821,9.31,-2.1,3.41
1,1548382930893,8.37,0.25,5.37
1,1548382930893,9.08,1.83,5.07
1,1548382930894,8.82,1.54,0.25
1,1548382930894,9.19,2.44,-1.03
1,1548382930894,9.25,4.1,-1.89
1,1548382930895,8.61,5.56,-1.89
1,1548382930895,7.69,2.71,-0.46
1,1548382930895,7.79,0.01,1.09
1,1548382930966,8.0,-0.85,2.42
1,1548382930968,8.0,0.03,2.85
1,1548382930969,6.91,4.17,0.52
1,1548382930969,6.32,5.48,-1.25
1,1548382930969,5.25,6.73,0.64
1,1548382930970,6.66,8.1,-5.72
1,1548382930970,6.58,7.44,-0.39
1,1548382931042,6.52,4.57,1.17
1,1548382931043,6.83,1.91,2.24
1,1548382931044,6.99,-0.05,4.27
1,1548382931044,8.24,0.09,3.26
1,1548382931045,8.32,0.15,3.88
1,1548382931045,8.26,-0.41,3.76
1,1548382931045,8.04,-0.52,3.65
1,1548382931046,8.26,1.3,2.42
1,1548382931116,9.12,2.01,2.63
1,1548382931118,9.84,2.59,2.71
1,1548382931119,10.01,4.29,3.39
1,1548382931120,9.23,5.17,3.08
1,1548382931120,8.92,4.53,2.32
1,1548382931121,8.94,3.43,1.48
1,1548382931121,9.19,2.63,0.93
1,1548382931198,9.47,3.82,-1.44
1,1548382931199,9.74,5.54,-1.89
1,1548382931199,9.96,7.1,-1.48
1,1548382931199,9.9,7.85,0.68
1,1548382931199,9.29,3.35,3.51
1,1548382931200,9.43,0.93,4.51
1,1548382931200,9.53,-0.09,4.06
1,1548382931200,9.45,0.99,1.46
1,1548382931282,9.47,6.91,-1.6
1,1548382931283,8.65,8.53,-1.15
1,1548382931283,7.77,7.65,1.17
1,1548382931283,6.93,5.8,3.39
1,1548382931283,5.35,4.47,4.94
1,1548382931283,5.33,4.12,2.51
1,1548382931284,5.99,4.16,1.05
1,1548382931349,6.42,4.74,0.54
1,1548382931350,6.52,4.29,-0.8
1,1548382931350,7.2,4.29,-1.71
1,1548382931350,8.35,4.96,-1.4
1,1548382931350,9.0,4.58,-1.05
1,1548382931350,8.76,0.66,1.28
1,1548382931350,7.69,0.7,1.17
1,1548382931351,7.22,1.91,0.7
1,1548382931434,7.38,3.84,-0.23
1,1548382931434,8.69,5.82,-1.34
1,1548382931434,8.28,5.54,-2.14
1,1548382931435,6.62,3.86,-1.32
1,1548382931435,7.89,6.25,-17.16
1,1548382931435,7.03,10.85,-8.41
1,1548382931435,6.05,6.46,-5.03
1,1548382931493,7.22,5.27,-5.25
1,1548382931493,8.94,5.54,-3.45
1,1548382931494,9.35,4.19,-0.01
1,1548382931494,9.16,3.35,0.09
1,1548382931503,9.25,2.38,-1.07
1,1548382931504,9.31,1.97,-2.01
1,1548382931504,9.39,2.83,-3.37
1,1548382931504,9.82,3.18,-4.98
1,1548382931566,10.48,3.92,-6.6
1,1548382931567,11.11,5.19,-7.2
1,1548382931567,10.89,7.38,-6.99
1,1548382931568,10.05,7.53,-6.95
1,1548382931568,8.71,6.44,-7.2
1,1548382931568,7.46,4.9,-8.02
1,1548382931587,6.75,2.91,-9.33
1,1548382931652,6.83,1.69,-8.51
1,1548382931652,6.77,0.7,-8.22
1,1548382931652,6.87,0.48,-8.0
1,1548382931652,6.11,2.34,-8.02
1,1548382931653,5.33,1.56,-7.4
1,1548382931653,4.88,0.6,-7.03
1,1548382931653,5.01,0.19,-6.05
1,1548382931653,5.46,1.19,-6.44
1,1548382931717,6.54,8.49,-7.89
1,1548382931718,7.05,11.71,-8.98
1,1548382931718,7.57,12.55,-7.92
1,1548382931719,7.61,11.5,-8.1
1,1548382931719,7.3,8.51,-6.54
1,1548382931719,6.85,6.69,-6.28
1,1548382931719,6.66,5.37,-5.87
1,1548382931791,6.85,4.12,-4.72
1,1548382931792,6.91,3.96,-4.21
1,1548382931806,6.87,4.08,-3.55
1,1548382931806,6.69,4.27,-2.55
1,1548382931806,6.6,3.57,-2.1
1,1548382931806,7.38,1.81,-2.94
1,1548382931807,7.16,1.77,-3.16
1,1548382931807,6.42,2.26,-3.14
1,1548382931867,5.89,2.65,-2.26
1,1548382931867,5.31,5.87,-1.67
1,1548382931867,5.6,8.06,-1.5
1,1548382931889,6.11,9.25,-1.3
1,1548382931890,6.83,9.35,-1.28
1,1548382931890,7.01,7.34,-1.91
1,1548382931890,6.95,6.67,-1.95
1,1548382931943,6.58,7.01,-2.24
1,1548382931944,5.93,7.65,-2.28
1,1548382931944,5.46,8.22,-1.83
1,1548382931945,5.7,8.82,-2.26
1,1548382931945,6.03,8.88,-2.4
1,1548382931945,6.01,8.61,-2.51
1,1548382931945,5.35,8.84,-2.26
1,1548382931945,4.98,9.88,-2.08
1,1548382932018,4.78,10.5,-2.3
1,1548382932018,5.05,10.76,-2.48
1,1548382932018,5.78,10.8,-3.06
1,1548382932019,5.87,10.0,-2.73
1,1548382932019,5.8,9.14,-2.53
1,1548382932019,5.7,8.39,-2.28
1,1548382932019,5.58,8.75,-2.2
1,1548382932096,5.44,9.43,-2.05
1,1548382932096,5.39,9.84,-2.22
1,1548382932096,5.35,10.09,-2.42
1,1548382932096,5.44,8.92,-2.61
1,1548382932097,5.66,7.3,-1.91
1,1548382932097,5.78,5.82,-0.62
1,1548382932166,5.64,4.8,0.72
1,1548382932167,5.07,5.17,1.32
1,1548382932168,4.53,6.85,2.12
1,1548382932168,3.8,9.08,3.43
1,1548382932169,3.08,10.8,3.43
1,1548382932169,3.06,11.07,0.6
1,1548382932169,2.98,9.78,1.07
1,1548382932176,3.84,7.87,1.42
1,1548382932241,4.94,6.28,1.28
1,1548382932241,6.71,6.28,2.63
1,1548382932242,6.95,7.51,2.96
1,1548382932258,7.03,8.49,2.91
1,1548382932259,7.1,9.25,4.6
1,1548382932259,7.48,7.87,3.33
1,1548382932259,7.67,6.73,3.0
1,1548382932259,7.71,5.52,2.5
1,1548382932317,7.94,4.37,1.97
1,1548382932326,8.67,4.02,2.07
1,1548382932327,8.84,4.62,2.36
1,1548382932327,8.69,5.27,2.94
1,1548382932329,8.45,5.72,3.18
1,1548382932329,8.63,5.7,3.51
1,1548382932329,9.12,6.75,2.81
1,1548382932329,9.16,7.69,1.77
1,1548382932392,9.08,8.41,0.87
1,1548382932410,9.51,8.16,-1.64
1,1548382932410,9.12,6.62,0.82
1,1548382932411,8.88,5.95,1.05
1,1548382932411,9.06,6.56,0.48
1,1548382932411,8.45,3.98,3.65
1,1548382932466,7.34,2.08,3.61
1,1548382932466,6.03,1.19,5.87
1,1548382932477,7.05,1.48,5.87
1,1548382932477,6.07,2.1,2.59
1,1548382932477,6.66,3.32,2.24
1,1548382932478,7.05,5.05,2.2
1,1548382932478,7.01,6.93,2.53
1,1548382932478,6.03,9.29,3.65
1,1548382932541,6.05,9.98,3.92
1,1548382932542,6.66,10.11,4.37
1,1548382932542,7.08,9.41,4.78
1,1548382932542,7.34,7.03,5.64
1,1548382932542,7.59,6.28,6.28
1,1548382932543,7.51,5.7,6.05
1,1548382932565,7.87,5.37,5.11
1,1548382932566,8.37,5.83,4.06
1,1548382932617,8.12,6.48,4.12
1,1548382932618,8.0,6.89,3.8
1,1548382932618,8.0,7.24,3.65
1,1548382932618,8.67,6.75,4.62
1,1548382932619,8.63,5.76,5.76
1,1548382932619,8.2,4.55,5.95
1,1548382932620,7.98,3.16,5.35
1,1548382932620,7.16,1.11,3.96
1,1548382932692,6.11,1.07,2.32
1,1548382932693,5.66,2.01,2.03
1,1548382932693,5.19,3.3,0.97
1,1548382932694,6.54,6.52,-2.94
1,1548382932694,6.66,5.46,0.15
1,1548382932695,6.56,3.02,0.09
1,1548382932695,7.77,1.3,0.56
1,1548382932696,9.84,1.3,2.07
1,1548382932766,10.89,3.26,1.42
1,1548382932767,11.62,6.03,0.54
1,1548382932767,12.28,8.06,-1.21
1,1548382932767,11.44,4.49,-2.55
1,1548382932780,10.41,2.36,-2.69
1,1548382932780,9.84,2.03,-1.36
1,1548382932780,9.43,1.62,-0.21
1,1548382932841,8.94,2.4,-1.38
1,1548382932842,8.53,1.15,0.52
1,1548382932842,8.14,-0.95,1.38
1,1548382932844,8.33,-0.42,1.6
1,1548382932844,8.53,4.55,-0.27
1,1548382932844,8.75,5.93,-1.03
1,1548382932845,8.78,6.42,-1.77
1,1548382932845,8.39,7.5,-3.8
1,1548382932916,8.32,4.39,0.68
1,1548382932917,7.36,-0.27,1.89
1,1548382932918,7.22,1.71,1.69
1,1548382932918,8.26,5.97,1.99
1,1548382932918,9.84,3.53,3.39
1,1548382932918,9.98,0.89,3.35
1,1548382932919,9.64,2.53,3.9
1,1548382932992,10.09,7.2,0.07
1,1548382932993,12.94,9.14,-2.75
1,1548382932994,13.12,6.66,-0.54
1,1548382932994,11.93,5.48,0.52
1,1548382932995,10.68,5.17,0.97
1,1548382932995,9.66,3.18,1.15
1,1548382932996,9.98,3.3,0.56
1,1548382932996,10.21,4.19,0.01
1,1548382933068,10.17,4.49,0.17
1,1548382933069,10.64,2.59,0.31
1,1548382933069,10.5,2.4,0.37
1,1548382933069,10.82,2.96,0.07
1,1548382933069,11.07,3.02,-0.68
1,1548382933069,11.85,4.82,-1.75
1,1548382933070,11.67,5.25,-1.97
1,1548382933142,10.78,5.21,-2.1
1,1548382933142,10.21,5.58,-2.28
1,1548382933165,9.45,5.17,-3.57
1,1548382933166,8.59,4.17,-3.69
1,1548382933166,7.18,3.88,-4.41
1,1548382933166,5.78,4.33,-4.1
1,1548382933166,6.17,6.44,-3.8
1,1548382933167,7.07,6.71,-2.91
1,1548382933218,7.26,5.95,-2.12
1,1548382933219,6.83,5.56,-2.18
1,1548382933232,7.28,7.3,-3.35
1,1548382933233,7.28,8.08,-4.47
1,1548382933233,7.24,7.96,-4.04
1,1548382933233,7.14,6.83,-3.82
1,1548382933233,7.65,3.61,-2.71
1,1548382933291,6.66,2.2,-2.28
1,1548382933292,5.87,1.25,-2.1
1,1548382933293,6.09,1.17,-2.1
1,1548382933300,6.46,1.13,-1.87
1,1548382933301,6.44,1.17,-1.54
1,1548382933301,6.23,1.26,-1.64
1,1548382933302,6.07,1.52,-2.36
1,1548382933302,6.07,2.42,-2.61
1,1548382933366,5.35,2.71,-2.92
1,1548382933366,5.07,3.35,-3.82
1,1548382933367,5.37,4.25,-4.88
1,1548382933386,6.5,5.31,-6.4
1,1548382933386,6.28,5.5,-6.52
1,1548382933387,6.36,5.37,-6.46
1,1548382933387,6.5,5.13,-6.34
1,1548382933441,7.77,4.02,-4.0
1,1548382933452,7.98,4.06,-3.45
1,1548382933453,8.3,5.05,-3.49
1,1548382933454,8.73,5.44,-2.53
1,1548382933455,9.19,5.39,-0.85
1,1548382933456,9.21,5.66,-0.27
1,1548382933456,8.84,4.9,-0.6
1,1548382933457,8.3,3.8,-1.36
1,1548382933518,10.78,2.3,0.44
1,1548382933519,12.81,3.94,1.28
1,1548382933519,14.16,6.79,1.23
1,1548382933519,13.82,7.38,1.09
1,1548382933520,10.66,3.9,0.58
1,1548382933520,10.05,4.0,-0.54
1,1548382933520,9.68,4.68,-2.08
1,1548382933593,9.39,5.52,-4.08
1,1548382933594,9.31,7.98,-7.22
1,1548382933594,9.06,8.04,-7.46
1,1548382933594,8.86,7.46,-6.36
1,1548382933600,8.37,6.71,-5.19
1,1548382933601,7.26,4.16,-2.22
1,1548382933601,6.99,1.97,-1.32
1,1548382933602,6.44,0.42,-1.38
1,1548382933671,6.15,-0.39,-1.95
1,1548382933673,7.63,0.29,-3.75
1,1548382933674,8.1,2.53,-4.98
1,1548382933675,8.43,3.96,-5.91
1,1548382933675,8.59,4.57,-5.91
1,1548382933676,8.8,3.45,-4.06
1,1548382933676,9.68,3.24,-3.51
1,1548382933744,10.25,2.98,-3.71
1,1548382933747,10.82,1.85,-4.33
1,1548382933750,11.4,3.12,-5.99
1,1548382933751,12.07,4.37,-6.81
1,1548382933753,12.3,4.82,-7.24
1,1548382933754,12.59,5.46,-7.79
1,1548382933755,10.03,3.76,-7.1
1,1548382933757,9.16,2.57,-5.83
1,1548382933822,8.2,1.66,-4.64
1,1548382933824,8.14,1.28,-3.82
1,1548382933825,7.28,3.0,-2.87
1,1548382933826,7.38,4.94,-3.41
1,1548382933827,7.65,6.64,-3.94
1,1548382933829,6.81,7.36,-3.98
1,1548382933829,5.97,6.52,-4.02
1,1548382933897,5.68,5.54,-3.57
1,1548382933899,5.44,4.82,-3.39
1,1548382933899,5.39,4.29,-3.75
1,1548382933900,5.82,2.53,-5.66
1,1548382933900,4.94,3.47,-7.51
1,1548382933901,4.12,5.11,-8.82
1,1548382933901,3.84,5.48,-9.35
1,1548382933902,4.23,3.26,-8.57
1,1548382933969,4.53,1.85,-7.94
1,1548382933970,5.62,2.01,-7.24
1,1548382933971,6.13,2.12,-6.17
1,1548382933971,6.15,-0.74,-4.53
1,1548382933972,6.42,-0.27,-4.76
1,1548382933973,7.16,1.58,-5.23
1,1548382933974,6.62,3.45,-6.01
1,1548382934046,5.39,8.35,-6.87
1,1548382934047,5.52,10.66,-7.28
1,1548382934047,5.39,11.23,-7.85
1,1548382934048,5.25,9.55,-8.22
1,1548382934048,5.74,4.8,-7.89
1,1548382934049,6.32,1.87,-6.46
1,1548382934049,7.44,-0.58,-4.58
1,1548382934050,7.89,-0.05,-3.9
1,1548382934121,8.8,3.82,-0.33
1,1548382934122,8.08,6.26,-1.09
1,1548382934123,5.93,8.14,-3.04
1,1548382934123,4.47,7.46,-4.74
1,1548382934124,6.15,2.67,-5.44
1,1548382934126,8.1,1.64,-5.37
1,1548382934126,10.42,1.85,-3.67
1,1548382934201,12.61,2.73,1.25
1,1548382934203,9.53,8.43,3.82
1,1548382934203,6.79,9.33,5.68
1,1548382934204,8.1,7.77,6.73
1,1548382934205,7.18,6.52,2.32
1,1548382934206,10.58,7.87,0.93
1,1548382934206,9.88,6.19,0.07
1,1548382934347,9.21,4.08,-0.13
1,1548382934348,8.35,3.47,-7.16
1,1548382934348,9.58,4.14,-2.24
1,1548382934349,9.29,6.83,1.26
1,1548382934350,8.32,5.82,2.24
1,1548382934422,7.63,3.65,2.07
1,1548382934424,7.42,1.83,2.98
1,1548382934424,7.98,2.57,2.57
1,1548382934425,7.69,3.41,2.63
1,1548382934426,4.57,5.29,6.89
1,1548382934446,4.64,6.6,4.88
1,1548382934447,5.0,7.75,3.08
1,1548382934448,5.99,8.84,1.83
1,1548382934500,6.25,7.71,1.21
1,1548382934501,8.16,3.3,0.11
1,1548382934501,6.97,2.61,1.13
1,1548382934501,6.95,0.78,1.46
1,1548382934501,7.18,-0.97,1.62
1,1548382934502,7.07,-0.56,8.2
1,1548382934502,8.76,2.1,7.69
1,1548382934502,9.51,3.86,5.52
1,1548382934573,11.87,4.06,4.17
1,1548382934574,11.46,4.1,2.46
1,1548382934575,11.93,3.88,1.5
1,1548382934575,12.94,2.87,1.17
1,1548382934576,14.55,1.81,2.51
1,1548382934576,16.4,2.14,4.37
1,1548382934577,17.01,3.61,2.96
1,1548382934577,17.53,5.07,2.75
1,1548382934641,17.03,3.73,3.06
1,1548382934642,15.21,0.76,3.51
1,1548382934642,14.45,1.89,3.47
1,1548382934645,13.53,3.92,3.12
1,1548382934645,12.77,5.05,2.36
1,1548382934646,10.93,7.16,1.23
1,1548382934646,9.12,7.1,1.07
1,1548382934725,7.67,6.67,0.97
1,1548382934725,6.07,5.8,0.35
1,1548382934726,3.82,4.33,-2.18
1,1548382934726,3.63,3.67,-2.51
1,1548382934726,3.67,3.82,0.35
1,1548382934726,3.02,4.17,-0.03
1,1548382934726,1.28,1.85,1.83
1,1548382934727,2.73,1.89,3.02
1,1548382934791,3.67,3.28,3.12
1,1548382934792,6.25,5.39,1.83
1,1548382934792,7.96,6.58,0.97
1,1548382934811,7.81,6.44,2.5
1,1548382934811,6.67,6.44,3.37
1,1548382934811,8.08,6.64,4.58
1,1548382934812,9.21,8.14,2.1
1,1548382934866,8.67,9.14,1.93
1,1548382934868,8.98,9.23,2.26
1,1548382934869,9.58,8.37,2.67
1,1548382934869,10.29,7.22,1.71
1,1548382934869,10.37,6.6,1.67
1,1548382934870,10.21,5.74,1.67
1,1548382934870,9.92,5.11,2.26
1,1548382934870,9.49,4.12,4.04
1,1548382934942,8.92,2.36,4.8
1,1548382934962,8.63,0.17,4.74
1,1548382934962,8.33,-0.37,4.78
1,1548382934962,7.28,1.05,4.25
1,1548382934963,7.22,1.21,3.06
1,1548382934963,7.05,1.75,2.51
1,1548382934963,6.64,2.08,2.22
1,1548382935017,5.48,0.62,1.54
1,1548382935028,4.98,0.27,0.8
1,1548382935029,4.23,0.54,1.42
1,1548382935029,4.0,0.72,2.42
1,1548382935029,4.45,1.5,5.11
1,1548382935029,5.6,3.45,4.25
1,1548382935029,5.01,4.78,6.03
1,1548382935030,4.84,4.25,5.19
1,1548382935093,2.26,-3.02,1.15
1,1548382935093,2.46,-5.27,0.35
1,1548382935094,1.81,-6.3,1.26
1,1548382935094,1.85,-6.21,7.18
1,1548382935094,4.96,-2.5,5.41
1,1548382935094,7.59,-0.52,5.64
1,1548382935094,10.25,2.79,5.05
1,1548382935168,12.77,6.97,3.94
1,1548382935179,16.15,11.5,5.87
1,1548382935179,17.3,11.48,5.5
1,1548382935179,18.06,11.67,4.72
1,1548382935179,18.16,12.28,3.86
1,1548382935180,15.97,7.57,3.51
1,1548382935180,14.35,2.1,4.37
1,1548382935180,12.83,-2.32,5.48
1,1548382935245,11.44,-5.35,7.63
1,1548382935246,7.83,-6.79,6.5
1,1548382935246,6.64,-5.62,5.09
1,1548382935246,5.6,-3.28,2.53
1,1548382935247,5.39,-0.42,-0.54
1,1548382935247,5.8,4.02,-6.25
1,1548382935247,8.32,7.77,-11.07
1,1548382935318,9.08,8.28,-8.18
1,1548382935319,9.53,7.14,-6.97
1,1548382935320,8.51,5.78,-3.65
1,1548382935320,7.38,7.34,-2.51
1,1548382935320,6.23,8.73,-0.33
1,1548382935320,6.19,8.47,-1.52
1,1548382935320,6.73,7.91,-6.54
1,1548382935321,5.66,8.32,-6.44
1,1548382935391,5.33,6.75,-7.92
1,1548382935391,5.0,5.83,-9.06
1,1548382935392,3.35,9.82,-9.41
1,1548382935392,3.2,9.94,-8.32
1,1548382935392,3.53,8.67,-8.32
1,1548382935398,4.49,7.57,-8.94
1,1548382935398,5.58,4.98,-7.12
1,1548382935467,5.05,3.2,-5.58
1,1548382935467,4.41,1.71,-4.92
1,1548382935468,4.57,1.62,-5.19
1,1548382935468,4.58,4.16,-3.49
1,1548382935469,4.66,3.67,-4.37
1,1548382935469,4.8,2.69,-7.3
1,1548382935469,5.13,2.24,-9.08
1,1548382935470,5.17,2.44,-6.36
1,1548382935541,5.97,-0.31,-4.17
1,1548382935542,6.69,-1.42,-2.69
1,1548382935549,7.48,-0.76,-1.62
1,1548382935550,8.22,2.98,-0.64
1,1548382935550,8.26,3.14,-0.09
1,1548382935550,8.16,2.14,0.42
1,1548382935550,7.98,1.05,0.76
1,1548382935616,8.32,-0.54,1.32
1,1548382935617,8.71,-1.21,1.62
1,1548382935617,8.84,-1.69,1.42
1,1548382935618,8.75,-1.79,0.83
1,1548382935633,8.12,-0.21,-1.6
1,1548382935633,7.57,1.36,-3.24
1,1548382935634,7.34,2.48,-4.88
1,1548382935634,7.1,3.37,-6.67
1,1548382935692,6.99,6.26,-10.33
1,1548382935694,6.79,7.98,-11.42
1,1548382935694,7.75,8.43,-11.09
1,1548382935694,8.9,7.59,-9.35
1,1548382935694,7.71,8.0,-7.08
1,1548382935694,6.17,10.31,-9.72
1,1548382935695,5.89,14.25,-11.75
1,1548382935767,6.28,17.3,-12.4
1,1548382935767,6.83,15.68,-14.57
1,1548382935767,8.73,14.58,-13.61
1,1548382935784,10.44,13.67,-11.95
1,1548382935785,11.05,13.43,-10.09
1,1548382935785,9.45,12.89,-6.75
1,1548382935785,8.35,11.56,-5.29
1,1548382935785,7.48,10.42,-4.37
1,1548382935850,6.95,9.7,-3.86
1,1548382935850,6.83,9.12,-3.24
1,1548382935850,6.81,8.41,-3.18
1,1548382935850,6.99,6.83,-2.85
1,1548382935851,7.12,4.58,-2.67
1,1548382935851,7.32,0.07,-2.63
1,1548382935851,7.77,-2.53,-0.42
1,1548382935933,7.2,-5.48,1.21
1,1548382935934,6.15,-8.84,1.17
1,1548382935934,5.74,-10.97,1.48
1,1548382935934,7.28,-9.39,2.14
1,1548382935935,9.12,-7.38,1.44
1,1548382935935,10.72,-6.69,1.32
1,1548382935935,12.92,-8.88,-1.36
1,1548382935935,14.39,-8.65,-1.28
1,1548382936001,15.72,-7.44,-0.62
1,1548382936001,16.26,-6.15,-0.68
1,1548382936001,16.44,-4.0,-0.19
1,1548382936002,16.32,-3.14,-0.29
1,1548382936002,16.07,-2.05,-0.44
1,1548382936002,15.74,-1.15,-0.23
1,1548382936002,14.68,-0.87,0.87
1,1548382936084,13.82,-1.21,0.62
1,1548382936085,12.69,-1.38,-0.05
1,1548382936085,12.63,-1.09,-0.01
1,1548382936085,12.75,-2.42,-1.75
1,1548382936085,13.06,-3.84,-2.69
1,1548382936086,13.8,-4.58,-3.06
1,1548382936086,14.57,-4.41,-6.77
1,1548382936086,16.09,-0.74,-11.15
1,1548382936142,16.85,4.17,-12.42
1,1548382936143,16.87,7.94,-14.04
1,1548382936143,15.37,12.4,-13.26
1,1548382936144,8.86,13.86,-12.32
1,1548382936145,6.91,7.92,-9.8
1,1548382936145,6.01,2.34,-7.26
1,1548382936145,5.6,-1.23,-4.29
1,1548382936217,9.41,-0.48,-3.53
1,1548382936218,10.25,-0.37,-4.25
1,1548382936218,9.47,-0.41,-4.76
1,1548382936219,7.26,-0.17,-4.62
1,1548382936220,5.27,3.28,-4.47
1,1548382936220,5.41,4.45,-5.19
1,1548382936220,5.82,3.24,-5.78
1,1548382936220,6.05,1.54,-5.42
1,1548382936292,6.03,-1.87,-2.34
1,1548382936292,7.12,-0.54,-2.5
1,1548382936292,7.75,1.79,-3.18
1,1548382936292,7.42,2.98,-3.18
1,1548382936293,9.17,3.92,-3.02
1,1548382936305,9.8,5.39,-4.08
1,1548382936305,9.49,6.34,-4.39
1,1548382936367,9.45,6.01,-4.41
1,1548382936367,8.96,2.67,-3.84
1,1548382936367,8.92,1.71,-3.86
1,1548382936368,9.16,1.99,-4.57
1,1548382936368,9.14,2.67,-4.82
1,1548382936368,9.14,4.14,-5.19
1,1548382936369,9.62,5.01,-5.27
1,1548382936369,10.09,5.91,-5.52
1,1548382936441,10.39,6.34,-5.72
1,1548382936442,10.39,5.11,-6.26
1,1548382936442,10.58,4.06,-6.34
1,1548382936443,10.89,3.43,-6.38
1,1548382936443,10.8,3.12,-6.23
1,1548382936444,10.85,2.57,-5.68
1,1548382936444,11.26,3.32,-5.93
1,1548382936517,11.71,4.1,-6.19
1,1548382936519,11.87,4.7,-6.56
1,1548382936519,12.07,5.68,-7.42
1,1548382936520,11.87,5.56,-8.32
1,1548382936520,11.44,5.23,-9.08
1,1548382936520,10.7,4.78,-10.0
1,1548382936520,10.87,1.83,-7.51
1,1548382936521,11.11,0.74,-6.46
1,1548382936592,11.36,0.54,-5.62
1,1548382936593,11.42,0.64,-4.96
1,1548382936593,11.23,0.03,-3.63
1,1548382936594,10.91,-0.68,-3.0
1,1548382936594,10.83,-1.34,-2.53
1,1548382936594,10.83,-2.28,-1.91
1,1548382936595,10.8,-4.12,-0.52
1,1548382936669,10.78,-4.43,-0.05
1,1548382936670,10.82,-4.31,0.07
1,1548382936670,10.89,-3.98,0.05
1,1548382936670,11.17,-2.53,-0.66
1,1548382936670,11.21,-1.64,-1.13
1,1548382936744,11.34,-0.93,-1.36
1,1548382936745,11.46,-0.01,-1.58
1,1548382936745,11.62,1.69,-1.95
1,1548382936745,11.64,2.44,-2.12
1,1548382936746,11.56,3.04,-2.32
1,1548382936746,11.38,3.53,-2.51
1,1548382936746,10.97,4.25,-2.85
1,1548382936746,10.82,4.49,-2.92
1,1548382936817,10.62,4.64,-3.04
1,1548382936818,10.27,4.57,-3.33
1,1548382936818,10.17,4.37,-3.39
1,1548382936818,10.17,4.08,-3.45
1,1548382936819,10.17,3.9,-3.47
1,1548382936819,10.11,3.57,-3.43
1,1548382936819,10.11,3.39,-3.32
1,1548382936820,10.05,3.12,-3.12
1,1548382936893,10.0,2.83,-2.91
1,1548382936893,9.8,2.38,-2.71
1,1548382936893,9.76,2.18,-2.53
1,1548382936893,9.68,1.99,-2.2
1,1548382936913,9.6,1.71,-1.97
1,1548382936914,9.47,1.15,-1.38
1,1548382936914,9.31,0.91,-1.03
1,1548382936914,9.08,0.74,-0.72
1,1548382936968,8.9,0.58,-0.33
1,1548382936968,8.37,0.37,0.25
1,1548382936977,8.16,0.25,0.46
1,1548382936978,7.94,0.13,0.56
1,1548382936978,7.73,-0.07,0.66
1,1548382936978,7.32,-0.42,0.83
1,1548382936978,7.12,-0.5,0.87
1,1548382936979,7.05,-0.56,0.83
1,1548382937044,6.97,-0.56,0.8
1,1548382937045,6.93,-0.31,0.7
1,1548382937046,6.95,-0.01,0.66
1,1548382937062,6.99,0.31,0.5
1,1548382937062,7.07,0.7,0.31
1,1548382937062,7.36,1.3,-0.01
1,1548382937062,7.51,1.44,-0.17
1,1548382937120,7.71,1.48,-0.21
1,1548382937120,7.85,1.56,-0.37
1,1548382937121,8.32,2.32,-0.83
1,1548382937129,8.69,2.65,-0.76
1,1548382937130,9.04,2.87,-0.74
1,1548382937130,9.25,3.18,-0.93
1,1548382937130,9.98,4.39,-0.7
1,1548382937130,10.21,4.64,-0.54
1,1548382937196,10.23,4.53,-0.23
1,1548382937213,10.15,4.17,0.44
1,1548382937216,10.23,3.14,0.54
1,1548382937217,10.56,2.53,0.5
1,1548382937219,11.05,2.03,0.54
1,1548382937220,11.5,1.58,0.68
1,1548382937221,11.75,1.25,0.87
1,1548382937270,12.4,-2.34,5.93
1,1548382937270,15.56,-8.67,10.29
1,1548382937271,18.9,-7.83,26.09
1,1548382937272,21.52,11.95,-0.93
1,1548382937282,16.23,24.25,-1.52
1,1548382937282,6.89,20.72,-2.79
1,1548382937283,6.13,14.21,-2.69
1,1548382937283,9.41,6.99,-2.65
1,1548382937349,10.07,4.8,-1.52
1,1548382937349,10.19,3.45,0.37
1,1548382937349,9.25,2.73,1.23
1,1548382937350,7.32,2.79,0.64
1,1548382937350,7.36,3.14,0.25
1,1548382937350,7.73,3.35,-0.15
1,1548382937350,8.18,3.32,-0.39
1,1548382937424,8.49,3.06,-0.48
1,1548382937425,8.39,2.61,-0.33
1,1548382937425,8.24,2.59,-0.11
1,1548382937425,8.18,2.65,0.0
1,1548382937426,8.32,2.69,0.11
1,1548382937426,9.08,2.94,-0.15
1,1548382937426,9.47,2.94,-0.37
1,1548382937427,9.76,2.71,-0.46
1,1548382937497,9.84,2.34,-0.52
1,1548382937497,9.98,1.58,-0.8
1,1548382937498,10.21,1.28,-0.87
1,1548382937499,10.42,1.25,-0.97
1,1548382937517,10.68,1.38,-1.15
1,1548382937518,10.85,2.08,-1.48
1,1548382937518,10.8,2.36,-1.6
1,1548382937585,10.64,2.53,-1.62
1,1548382937586,10.5,2.63,-1.69
1,1548382937586,10.29,2.5,-1.73
1,1548382937586,10.23,2.4,-1.69
1,1548382937586,10.27,2.36,-1.64
1,1548382937586,10.35,2.36,-1.6
1,1548382937587,10.41,2.42,-1.48
1,1548382937646,10.42,2.42,-1.38
1,1548382937647,10.33,2.4,-1.3
1,1548382937648,10.25,2.42,-1.25
1,1548382937649,10.09,2.59,-1.28
1,1548382937652,10.03,2.65,-1.3
1,1548382937653,9.96,2.73,-1.34
1,1548382937654,9.88,2.83,-1.42
1,1548382937655,9.74,2.98,-1.38
1,1548382937723,9.68,3.0,-1.36
1,1548382937725,9.6,2.98,-1.34
1,1548382937725,9.55,2.89,-1.3
1,1548382937726,9.51,2.63,-1.03
1,1548382937727,9.51,2.46,-0.78
1,1548382937797,9.49,2.26,-0.62
1,1548382937799,9.45,2.07,-0.54
1,1548382937800,9.41,1.79,-0.37
1,1548382937801,9.35,1.67,-0.13
1,1548382937802,9.31,1.66,0.05
1,1548382937803,9.29,1.6,0.13
1,1548382937804,9.29,1.42,0.35
1,1548382937805,9.25,1.3,0.48
1,1548382937873,9.21,1.25,0.6
1,1548382937876,9.1,1.17,0.78
1,1548382937877,9.1,1.15,0.78
1,1548382937879,9.17,1.11,0.76
1,1548382937880,9.27,1.09,0.64
1,1548382937881,9.29,1.09,0.72
1,1548382937882,9.23,1.19,0.66
1,1548382937883,9.21,1.3,0.83
1,1548382937944,9.25,1.48,0.93
1,1548382937945,9.58,1.77,1.05
1,1548382937946,9.86,1.85,1.19
1,1548382937946,10.01,1.85,1.23
1,1548382937947,10.09,1.81,1.21
1,1548382937947,10.05,1.71,1.21
1,1548382937947,9.98,1.6,1.21
1,1548382937948,10.0,1.5,1.19
1,1548382938025,9.98,1.46,1.13
1,1548382938026,9.86,1.4,1.03
1,1548382938027,9.76,1.38,0.99
1,1548382938028,9.62,1.48,0.91
1,1548382938028,9.62,1.67,0.95
1,1548382938029,9.76,2.01,1.07
1,1548382938029,9.86,2.05,0.99
1,1548382938185,9.94,2.07,0.93
1,1548382938187,9.96,1.97,0.87
1,1548382938189,9.82,1.71,0.87
1,1548382938190,9.82,1.67,0.83
1,1548382938192,9.74,1.83,0.68
1,1548382938246,9.6,2.08,0.39
1,1548382938246,9.31,2.77,0.01
1,1548382938247,9.19,3.16,-0.07
1,1548382938247,9.19,3.59,-0.13
1,1548382938248,8.39,3.37,-0.21
1,1548382938248,8.32,2.92,-0.17
1,1548382938249,8.2,2.44,-0.17
1,1548382938249,8.16,1.75,-0.05
1,1548382938324,8.18,1.64,0.05
1,1548382938325,8.75,2.18,-0.31
1,1548382938326,8.88,2.44,-0.52
1,1548382938327,8.98,2.71,-0.62
1,1548382938328,9.33,3.02,-0.89
1,1548382938329,9.68,3.08,-0.93
1,1548382938330,10.19,3.1,-0.97
1,1548382938398,10.66,3.1,-0.91
1,1548382938399,11.4,3.32,-0.89
1,1548382938399,11.44,3.43,-0.87
1,1548382938400,11.32,3.39,-0.76
1,1548382938400,10.95,3.32,-0.72
1,1548382938401,10.0,3.08,-0.62
1,1548382938401,9.64,2.94,-0.52
1,1548382938402,9.33,2.79,-0.54
1,1548382938471,9.1,2.61,-0.48
1,1548382938473,8.78,2.2,-0.42
1,1548382938473,8.71,1.97,-0.46
1,1548382938474,8.71,1.69,-0.46
1,1548382938475,8.82,1.54,-0.39
1,1548382938475,9.41,1.83,-0.56
1,1548382938476,9.72,1.97,-0.54
1,1548382938476,9.94,1.97,-0.6
1,1548382938546,10.17,1.83,-0.68
1,1548382938547,10.5,1.87,-0.89
1,1548382938547,10.68,1.93,-0.93
1,1548382938548,10.78,2.03,-0.93
1,1548382938549,10.74,2.07,-0.97
1,1548382938549,9.78,2.32,-0.87
1,1548382938549,9.43,2.38,-0.8
1,1548382938550,9.1,2.5,-0.83
1,1548382938621,8.84,2.48,-0.76
1,1548382938623,8.43,2.44,-0.74
1,1548382938624,8.28,2.4,-0.66
1,1548382938627,8.18,2.32,-0.62
1,1548382938630,8.08,2.3,-0.6
1,1548382938631,8.0,2.24,-0.46
1,1548382938632,8.04,2.2,-0.5
1,1548382938696,8.12,2.18,-0.5
1,1548382938697,8.28,2.14,-0.39
1,1548382938699,8.55,2.08,-0.31
1,1548382938699,8.71,2.08,-0.31
1,1548382938700,8.86,2.12,-0.37
1,1548382938700,9.0,2.22,-0.37
1,1548382938701,9.02,2.42,-0.39
1,1548382938702,9.02,2.48,-0.37
1,1548382938770,9.12,2.44,-0.39
1,1548382938771,9.33,2.42,-0.42
1,1548382938772,9.84,2.5,-0.62
1,1548382938772,10.05,2.57,-0.6
1,1548382938772,10.13,2.65,-0.56
1,1548382938773,10.15,2.67,-0.54
1,1548382938773,10.13,2.63,-0.62
1,1548382938845,10.19,2.59,-0.7
1,1548382938845,10.31,2.55,-0.76
1,1548382938846,10.42,2.5,-0.89
1,1548382938846,10.48,2.51,-1.11
1,1548382938847,10.46,2.55,-1.23
1,1548382938847,10.42,2.61,-1.3
1,1548382938848,10.44,2.69,-1.28
1,1548382938848,10.7,2.77,-1.26
1,1548382938920,10.87,2.83,-1.23
1,1548382938922,11.03,2.87,-1.26
1,1548382938923,11.07,2.96,-1.26
1,1548382938924,11.09,2.98,-1.44
1,1548382938925,11.09,3.04,-1.6
1,1548382938925,11.05,3.02,-1.66
1,1548382938926,11.09,3.0,-1.75
1,1548382939003,11.13,2.98,-1.93
1,1548382939004,11.11,2.94,-2.03
1,1548382939004,11.07,2.91,-2.05
1,1548382939005,11.03,2.83,-2.14
1,1548382939005,10.8,2.75,-2.2
1,1548382939006,10.6,2.71,-2.2
1,1548382939006,10.46,2.63,-2.18
1,1548382939007,10.35,2.53,-2.16
1,1548382939070,10.09,2.36,-2.26
1,1548382939147,10.03,2.32,-2.28
1,1548382939220,9.92,2.28,-2.36
1,1548382939221,9.8,2.28,-2.51
1,1548382939221,9.55,2.42,-2.79
1,1548382939221,9.37,2.53,-2.71
1,1548382939234,9.19,2.65,-2.77
1,1548382939235,9.04,2.81,-2.83
1,1548382939236,9.04,2.98,-2.67
1,1548382939236,9.1,3.0,-2.77
1,1548382939297,8.14,4.06,-4.74
1,1548382939297,12.34,4.62,-5.33
1,1548382939298,14.27,4.43,-4.19
1,1548382939298,15.09,2.91,-2.32
1,1548382939299,13.8,1.4,-3.47
1,1548382939299,12.2,-0.29,-3.55
1,1548382939300,11.07,-1.58,-3.12
1,1548382939300,9.43,-1.75,-2.07
1,1548382939373,8.96,-1.48,-1.13
1,1548382939405,8.39,-1.01,0.23
1,1548382939407,7.73,-0.41,1.28
1,1548382939408,6.5,0.39,2.22
1,1548382939410,6.01,-0.01,4.21
1,1548382939411,5.7,-0.5,6.07
1,1548382939412,4.53,-0.8,3.24
1,1548382939413,4.29,-0.31,2.89
1,1548382939452,2.48,1.73,4.76
1,1548382939453,2.79,3.1,4.17
1,1548382939453,3.0,3.86,3.9
1,1548382939475,5.42,4.62,0.82
1,1548382939475,5.54,5.29,-0.33
1,1548382939476,7.36,7.61,-1.66
1,1548382939476,8.71,11.28,-0.19
1,1548382939476,10.19,25.46,0.74
1,1548382939518,10.05,30.66,1.17
1,1548382939519,11.3,27.46,0.8
1,1548382939519,12.44,23.8,1.81
1,1548382939519,12.1,20.78,2.16
1,1548382939520,10.15,19.47,2.42
1,1548382939520,9.35,19.6,2.2
1,1548382939520,8.84,19.58,1.89
1,1548382939595,8.53,21.32,1.11
1,1548382939595,8.8,22.18,0.27
1,1548382939595,9.1,22.34,-1.09
1,1548382939595,9.41,21.97,-2.38
1,1548382939596,9.78,21.44,-2.57
1,1548382939672,10.05,20.85,-5.8
1,1548382939672,10.09,20.29,-6.67
1,1548382939673,10.13,19.43,-6.79
1,1548382939673,10.27,18.24,-6.87
1,1548382939673,10.83,16.36,-6.66
1,1548382939674,10.82,15.33,-6.62
1,1548382939674,10.29,14.84,-6.67
1,1548382939675,9.86,14.23,-6.66
1,1548382939743,9.35,11.21,-6.36
1,1548382939745,9.1,9.9,-6.97
1,1548382939746,9.14,9.17,-7.05
1,1548382939746,8.35,5.0,-5.87
1,1548382939747,7.55,2.63,-4.78
1,1548382939747,6.54,1.09,-3.78
1,1548382939747,5.76,0.13,-2.77
1,1548382939748,5.0,-0.44,-1.56
1,1548382939820,5.09,0.23,-1.44
1,1548382939821,4.66,1.81,-2.07
1,1548382939821,4.66,1.81,-2.07
1,1548382939822,1.38,0.42,-0.29
1,1548382939822,1.62,0.35,-0.07
1,1548382939822,2.36,0.07,-0.15
1,1548382939822,3.3,-0.68,0.0
1,1548382939823,3.86,-0.05,0.44
1,1548382939900,3.73,4.55,-0.89
1,1548382939901,5.64,3.98,1.46
1,1548382939902,4.94,-2.07,4.68
1,1548382939902,2.77,-4.19,9.33
1,1548382939902,1.52,-1.6,10.21
1,1548382939903,-0.41,1.89,7.46
1,1548382939903,-2.69,6.26,5.01
1,1548382939903,-4.45,11.67,1.83
1,1548382939970,-5.13,11.34,1.07
1,1548382939984,-6.13,10.62,1.67
1,1548382939984,-6.91,9.88,2.18
1,1548382939985,-7.73,8.49,1.89
1,1548382939985,-7.57,6.97,0.68
1,1548382939985,-7.2,5.33,0.05
1,1548382939985,-6.4,4.06,-1.28
1,1548382940045,-4.41,3.59,0.99
1,1548382940046,-3.28,3.47,0.27
1,1548382940047,-1.77,3.43,-0.01
1,1548382940048,-0.05,3.9,-0.05
1,1548382940049,2.08,7.81,-3.92
1,1548382940049,3.08,11.6,-3.35
1,1548382940050,1.62,12.75,-3.57
1,1548382940050,0.6,12.34,-3.92
1,1548382940120,-2.63,9.6,-5.13
1,1548382940135,-2.65,10.13,-6.3
1,1548382940135,-2.26,11.48,-6.38
1,1548382940136,-2.36,12.26,-5.78
1,1548382940136,-3.49,10.25,-3.3
1,1548382940136,-4.12,8.98,-2.42
1,1548382940136,-4.43,9.12,-1.66
1,1548382940196,-3.86,10.21,-1.23
1,1548382940231,-2.85,11.4,-0.68
1,1548382940233,-4.04,8.22,-0.44
1,1548382940234,-4.84,4.21,-0.09
1,1548382940235,-3.9,3.16,-0.33
1,1548382940236,-1.36,12.57,-2.61
1,1548382940237,-0.29,13.71,-3.82
1,1548382940238,-0.19,10.68,-3.24
1,1548382940291,-1.54,6.11,-1.66
1,1548382940292,-1.11,0.89,-2.08
1,1548382940292,-0.09,3.67,-2.94
1,1548382940293,0.44,6.26,-4.17
1,1548382940342,0.68,6.44,-5.6
1,1548382940343,1.13,6.25,-8.28
1,1548382940344,1.13,8.65,-9.43
1,1548382940344,1.38,11.34,-9.84
1,1548382940344,1.54,11.99,-8.53
1,1548382940344,0.44,8.28,-2.08
1,1548382940346,-0.13,6.71,0.03
1,1548382940346,-0.03,6.19,0.52
1,1548382940420,0.29,6.67,0.27
1,1548382940422,0.7,8.94,-4.35
1,1548382940424,0.87,11.23,-5.29
1,1548382940425,0.56,13.57,-5.87
1,1548382940426,-0.13,14.84,-5.46
1,1548382940427,-1.87,10.74,-0.64
1,1548382940428,-2.48,5.01,0.8
1,1548382940429,-2.12,2.61,0.91
1,1548382940502,-0.29,5.93,-1.38
1,1548382940504,0.31,19.14,-7.71
1,1548382940505,-0.39,17.53,-7.16
1,1548382940507,-0.99,15.23,-5.64
1,1548382940508,-2.05,11.85,-1.28
1,1548382940509,-2.44,6.87,1.11
1,1548382940511,-2.96,1.5,2.01
1,1548382940512,-3.04,-2.26,4.7
1,1548382940567,-2.01,3.45,3.33
1,1548382940567,-1.77,9.72,0.19
1,1548382940568,-0.11,12.46,-6.07
1,1548382940568,1.28,12.75,-2.14
1,1548382940569,3.59,11.83,-1.73
1,1548382940569,3.65,11.99,-1.62
1,1548382940570,3.08,11.77,-0.37
1,1548382940570,1.91,9.55,0.8
1,1548382940643,0.56,5.85,9.78
1,1548382940643,2.26,7.05,3.3
1,1548382940644,3.53,9.86,1.05
1,1548382940644,5.89,12.87,-0.46
1,1548382940644,4.29,11.91,-2.16
1,1548382940644,3.96,10.6,-2.46
1,1548382940645,3.96,10.64,-2.87
1,1548382940645,4.12,10.48,-2.44
1,1548382940722,4.27,7.4,0.46
1,1548382940724,4.19,5.72,0.93
1,1548382940726,3.9,4.68,2.87
1,1548382940727,2.81,3.84,8.59
1,1548382940729,3.86,5.21,1.83
1,1548382940730,4.96,5.89,1.77
1,1548382940731,4.12,5.89,1.48
1,1548382940799,4.49,6.07,0.8
1,1548382940801,3.43,5.7,1.15
1,1548382940802,2.48,5.39,2.42
1,1548382940803,2.01,4.8,5.7
1,1548382940804,1.48,5.31,2.94
1,1548382940806,0.54,6.95,2.1
1,1548382940807,0.19,7.42,1.93
1,1548382940810,-0.31,7.67,1.71
1,1548382940868,-0.64,7.85,1.32
1,1548382940892,-1.62,8.8,-4.41
1,1548382940892,-1.95,8.0,-7.67
1,1548382940892,-2.63,6.34,-9.92
1,1548382940892,-3.84,5.6,-12.08
1,1548382940893,-9.55,7.44,-12.32
1,1548382940893,-12.24,10.01,-12.98
1,1548382940978,-11.73,13.8,-12.28
1,1548382940979,-10.48,17.26,-11.38
1,1548382940980,-6.97,16.95,-8.8
1,1548382940980,-5.91,12.98,-7.57
1,1548382940980,-4.9,9.64,-6.54
1,1548382940981,-3.9,7.65,-5.85
1,1548382940981,-2.42,6.99,-3.28
1,1548382940982,-1.69,8.02,-2.16
1,1548382941022,-0.64,9.17,-0.13
1,1548382941023,0.09,9.86,1.09
1,1548382941024,1.34,8.39,3.61
1,1548382941025,1.64,7.46,4.74
1,1548382941027,2.5,7.34,4.33
1,1548382941029,3.06,7.65,3.41
1,1548382941030,1.32,8.92,-1.54
1,1548382941093,1.25,9.47,-0.91
1,1548382941095,1.38,10.48,0.31
1,1548382941096,1.71,10.17,0.82
1,1548382941097,2.05,5.83,0.35
1,1548382941098,2.36,5.25,-1.85
1,1548382941099,2.63,7.3,-5.11
1,1548382941099,2.03,12.38,-9.8
1,1548382941100,-0.95,23.47,-16.03
1,1548382941171,-3.73,22.69,-16.95
1,1548382941171,-4.74,17.36,-16.64
1,1548382941172,-5.01,10.72,-15.39
1,1548382941172,-3.39,2.28,-13.88
1,1548382941172,-2.26,1.46,-13.28
1,1548382941174,-1.01,4.57,-12.61
1,1548382941174,-0.01,12.61,-12.96
1,1548382941253,-0.72,22.42,-11.46
1,1548382941253,-1.99,17.51,-10.42
1,1548382941253,-2.51,12.51,-7.61
1,1548382941254,-2.77,9.02,-5.48
1,1548382941254,-1.46,6.62,-4.25
1,1548382941254,0.19,7.32,-4.06
1,1548382941254,1.03,8.16,-4.04
1,1548382941254,1.44,8.49,-3.57
1,1548382941319,0.64,6.58,-1.99
1,1548382941320,0.58,4.68,-0.87
1,1548382941321,0.62,2.81,0.7
1,1548382941321,0.66,1.38,1.42
1,1548382941330,2.5,1.69,1.4
1,1548382941331,3.43,2.87,1.26
1,1548382941331,4.04,4.25,0.52
1,1548382941398,3.73,4.82,-0.33
1,1548382941398,2.81,1.79,1.26
1,1548382941399,2.42,0.68,2.12
1,1548382941399,2.48,0.0,2.36
1,1548382941399,3.28,0.37,1.5
1,1548382941399,5.46,1.5,0.44
1,1548382941399,7.28,1.3,1.6
1,1548382941400,8.55,0.54,1.91
1,1548382941470,9.94,-0.42,3.12
1,1548382941470,8.84,-0.46,4.19
1,1548382941471,8.08,1.64,3.65
1,1548382941471,7.24,3.53,3.1
1,1548382941472,6.4,4.21,2.65
1,1548382941472,5.93,3.71,1.85
1,1548382941472,6.66,2.03,0.41
1,1548382941544,7.36,1.54,-0.95
1,1548382941544,7.85,1.64,-2.28
1,1548382941545,8.67,4.25,-5.33
1,1548382941564,8.78,5.72,-6.15
1,1548382941564,8.75,6.01,-6.58
1,1548382941565,8.61,5.27,-7.05
1,1548382941565,8.47,4.39,-7.3
1,1548382941565,7.81,4.04,-7.48
1,1548382941619,7.24,4.21,-7.63
1,1548382941620,6.87,4.06,-7.77
1,1548382941621,6.87,3.55,-7.77
1,1548382941622,7.67,2.42,-7.48
1,1548382941622,8.14,2.07,-7.5
1,1548382941623,8.73,2.01,-7.46
1,1548382941624,9.58,1.93,-7.22
1,1548382941696,12.38,3.22,-6.71
1,1548382941698,14.68,5.05,-6.64
1,1548382941699,17.89,7.81,-6.21
1,1548382941700,21.3,10.74,-6.11
1,1548382941702,22.61,11.62,-6.5
1,1548382941703,20.35,9.92,-5.91
1,1548382941703,18.24,8.33,-4.6
1,1548382941704,17.65,6.87,-4.27
1,1548382941770,19.94,7.12,-5.13
1,1548382941770,21.91,7.42,-5.82
1,1548382941770,22.3,7.51,-5.87
1,1548382941771,21.38,7.89,-4.51
1,1548382941771,17.55,10.31,0.7
1,1548382941771,16.81,11.85,1.46
1,1548382941783,16.91,11.91,2.3
1,1548382941864,16.56,10.82,2.46
1,1548382941864,14.55,10.11,-4.57
1,1548382941865,13.55,8.84,-4.96
1,1548382941865,12.55,6.85,-5.13
1,1548382941865,11.56,5.15,-5.89
1,1548382941865,10.33,4.12,-7.32
1,1548382941866,10.95,2.96,-6.89
1,1548382941866,12.01,2.51,-6.23
1,1548382941919,12.5,2.59,-5.76
1,1548382941920,12.1,3.88,-3.75
1,1548382941920,11.67,4.35,-1.5
1,1548382941920,10.87,4.57,-0.5
1,1548382941921,10.09,4.6,-0.58
1,1548382941921,9.45,4.04,-0.25
1,1548382941921,9.19,3.63,-0.15
1,1548382942000,8.8,3.32,-0.01
1,1548382942015,8.32,3.2,0.15
1,1548382942016,7.51,3.22,0.6
1,1548382942016,7.32,3.16,0.8
1,1548382942017,7.3,3.02,1.15
1,1548382942072,7.44,2.89,1.25
1,1548382942073,7.94,2.83,1.23
1,1548382942074,8.06,2.71,1.07
1,1548382942075,8.18,2.69,0.8
1,1548382942077,8.43,2.65,0.44
1,1548382942078,8.92,2.69,-0.23
1,1548382942079,9.1,2.73,-0.54
1,1548382942080,9.23,2.79,-0.95
1,1548382942144,9.41,2.89,-1.38
1,1548382942168,10.01,3.59,-2.01
1,1548382942169,10.27,3.94,-2.14
1,1548382942169,10.5,4.31,-2.26
1,1548382942170,10.97,4.72,-2.28
1,1548382942170,11.19,4.76,-2.22
1,1548382942170,11.44,4.76,-2.08
1,1548382942171,11.58,4.78,-1.89
1,1548382942222,11.77,4.68,-1.58
1,1548382942223,11.81,4.41,-1.42
1,1548382942223,11.75,4.1,-1.34
1,1548382942224,11.75,3.78,-1.28
1,1548382942225,11.83,3.32,-1.13
1,1548382942226,11.83,3.12,-1.05
1,1548382942228,11.87,2.85,-0.99
1,1548382942228,11.83,2.61,-0.85
1,1548382942297,11.73,2.1,-0.52
1,1548382942298,11.67,1.87,-0.39
1,1548382942299,11.58,1.71,-0.27
1,1548382942299,11.5,1.56,-0.19
1,1548382942299,11.3,1.11,-0.11
1,1548382942300,11.19,0.97,-0.11
1,1548382942300,11.03,0.89,-0.13
1,1548382942301,10.82,0.85,-0.03
1,1548382942370,10.23,0.93,0.07
1,1548382942372,9.96,0.99,-0.09
1,1548382942373,9.7,1.11,-0.11
1,1548382942373,9.51,1.21,-0.19
1,1548382942374,9.31,1.26,-0.41
1,1548382942375,9.12,1.25,-0.54
1,1548382942376,8.88,1.25,-0.58
1,1548382942444,8.65,1.28,-0.48
1,1548382942445,8.16,1.52,-0.56
1,1548382942446,7.92,1.62,-0.66
1,1548382942447,7.73,1.77,-0.6
1,1548382942448,7.61,1.93,-0.5
1,1548382942449,7.5,2.48,-0.09
1,1548382942450,7.48,2.75,0.03
1,1548382942451,7.61,2.96,0.19
1,1548382942522,7.73,2.94,0.23
1,1548382942523,8.12,2.48,-0.07
1,1548382942525,8.32,2.22,-0.29
1,1548382942526,8.55,1.97,-0.41
1,1548382942527,8.67,1.87,-0.37
1,1548382942529,8.65,2.08,-0.17
1,1548382942530,8.67,2.32,-0.07
1,1548382942594,8.82,2.48,0.19
1,1548382942595,9.19,2.67,0.35
1,1548382942597,10.07,3.1,0.58
1,1548382942597,10.37,3.14,0.58
1,1548382942598,10.39,3.02,0.64
1,1548382942598,10.25,2.75,0.6
1,1548382942599,9.9,2.03,0.42
1,1548382942599,9.76,1.73,0.31
1,1548382942667,9.84,1.52,0.29
1,1548382942669,9.96,1.5,0.35
1,1548382942669,10.19,1.83,0.44
1,1548382942670,10.25,2.16,0.44
1,1548382942670,10.21,2.36,0.37
1,1548382942671,10.11,2.4,0.33
1,1548382942671,9.8,2.16,0.25
1,1548382942747,9.74,2.14,0.19
1,1548382942749,9.72,2.26,0.15
1,1548382942749,9.72,2.46,0.19
1,1548382942774,9.64,2.87,0.37
1,1548382942775,9.53,2.91,0.44
1,1548382942776,9.49,2.91,0.41
1,1548382942776,9.49,3.0,0.37
1,1548382942777,9.62,3.41,0.15
1,1548382942819,9.74,3.61,0.05
1,1548382942820,9.8,3.65,-0.05
1,1548382942820,9.72,3.59,-0.21
1,1548382942821,9.41,3.33,-0.31
1,1548382942821,9.29,3.45,-0.44
1,1548382942821,9.21,3.65,-0.58
1,1548382942821,9.27,3.88,-0.56
1,1548382942896,9.45,3.78,-0.41
1,1548382942897,9.55,3.61,-0.01
1,1548382942897,9.7,3.63,0.39
1,1548382942898,9.8,3.84,0.76
1,1548382942898,9.76,4.64,0.89
1,1548382942898,9.64,4.78,0.85
1,1548382942898,9.55,4.64,0.8
1,1548382942899,9.45,4.35,0.85
1,1548382942972,9.51,3.8,0.93
1,1548382942974,9.78,3.57,0.97
1,1548382942975,10.11,3.35,0.93
1,1548382942976,10.41,3.1,0.97
1,1548382942977,10.85,2.44,0.99
1,1548382943046,10.89,2.14,0.99
1,1548382943047,10.97,2.03,0.93
1,1548382943048,11.07,2.16,0.83
1,1548382943049,11.32,2.57,0.64
1,1548382943049,11.44,2.59,0.46
1,1548382943050,11.64,2.5,0.25
1,1548382943050,11.69,2.36,0.13
1,1548382943051,11.71,2.07,-0.29
1,1548382943120,11.67,1.93,-0.52
1,1548382943120,11.69,1.73,-0.68
1,1548382943121,11.69,1.6,-0.7
1,1548382943121,11.6,1.69,-0.35
1,1548382943121,11.44,1.89,0.0
1,1548382943122,11.26,2.08,0.35
1,1548382943122,10.99,2.24,0.64
1,1548382943122,10.15,2.34,1.03
1,1548382943197,9.68,2.12,1.15
1,1548382943212,9.21,1.85,1.19
1,1548382943213,8.84,1.58,1.23
1,1548382943214,8.45,1.26,1.15
1,1548382943238,8.49,1.19,1.17
1,1548382943239,8.43,1.17,1.19
1,1548382943240,8.32,1.23,1.23
1,1548382943240,7.85,1.34,1.28
1,1548382943272,7.69,1.4,1.42
1,1548382943293,7.65,1.4,1.52
1,1548382943293,7.77,1.32,1.64
1,1548382943294,8.14,0.97,1.69
1,1548382943294,8.39,0.8,1.67
1,1548382943294,8.61,0.66,1.62
1,1548382943295,8.8,0.58,1.4
1,1548382943295,9.06,0.48,1.25
1,1548382943348,9.1,0.54,1.26
1,1548382943349,9.08,0.66,1.28
1,1548382943349,9.17,0.78,1.26
1,1548382943359,9.74,1.09,1.23
1,1548382943360,10.23,1.17,1.21
1,1548382943360,10.76,1.23,1.21
1,1548382943361,11.13,1.17,1.09
1,1548382943361,11.13,0.87,0.5
1,1548382943419,10.83,0.66,0.29
1,1548382943419,10.5,0.5,0.23
1,1548382943420,10.17,0.46,0.11
1,1548382943420,9.88,0.56,-0.19
1,1548382943420,9.08,0.74,-1.25
1,1548382943420,8.67,0.72,-1.38
1,1548382943420,8.51,0.66,-1.54
1,1548382943499,8.63,0.66,-1.66
1,1548382943502,9.06,0.99,-1.97
1,1548382943512,9.12,1.26,-2.14
1,1548382943513,9.1,1.52,-2.28
1,1548382943513,8.92,1.75,-2.46
1,1548382943513,9.0,2.22,-2.69
1,1548382943514,9.31,2.42,-2.89
1,1548382943570,9.68,2.65,-2.96
1,1548382943570,10.29,3.02,-3.22
1,1548382943571,10.25,3.41,-3.47
1,1548382943572,10.13,3.61,-3.51
1,1548382943579,9.96,3.76,-3.63
1,1548382943580,9.86,3.92,-3.8
1,1548382943580,9.84,4.02,-3.94
1,1548382943580,9.86,4.1,-3.94
1,1548382943642,9.86,4.17,-3.9
1,1548382943643,9.86,4.25,-3.78
1,1548382943643,9.84,4.14,-3.37
1,1548382943644,9.88,4.0,-3.16
1,1548382943644,9.94,3.76,-2.94
1,1548382943644,9.98,3.61,-2.75
1,1548382943669,9.96,3.37,-2.65
1,1548382943717,9.98,3.41,-2.61
1,1548382943718,10.03,3.47,-2.61
1,1548382943718,10.11,3.63,-2.55
1,1548382943729,10.09,3.76,-2.14
1,1548382943730,10.0,3.8,-1.85
1,1548382943730,9.94,3.9,-1.6
1,1548382943730,9.92,4.02,-1.36
1,1548382943730,9.98,4.02,-1.19
1,1548382943794,9.98,3.94,-1.13
1,1548382943795,9.92,3.78,-1.15
1,1548382943795,9.84,3.65,-1.07
1,1548382943796,9.72,3.37,-1.13
1,1548382943815,9.76,3.26,-1.13
1,1548382943816,9.84,3.18,-1.11
1,1548382943816,9.88,3.12,-1.17
1,1548382943871,10.13,2.92,-1.05
1,1548382943873,10.25,2.92,-1.01
1,1548382943874,10.31,2.96,-0.91
1,1548382943875,10.27,3.04,-0.85
1,1548382943876,10.03,3.22,-0.74
1,1548382943876,9.86,3.26,-0.68
1,1548382943877,9.76,3.32,-0.62
1,1548382943877,9.7,3.37,-0.54
1,1548382943943,9.78,3.61,-0.11
1,1548382943964,9.78,3.18,-0.48
1,1548382943964,10.07,3.32,-0.54
1,1548382943965,11.34,3.39,1.21
1,1548382943965,12.48,-1.13,5.33
1,1548382943965,12.18,-2.69,6.34
1,1548382943965,11.64,-2.87,6.48
1,1548382943965,11.23,-1.79,5.89
1,1548382944018,9.96,-0.64,5.0
1,1548382944019,9.41,-0.89,4.8
1,1548382944020,9.43,-1.13,4.74
1,1548382944020,10.46,-0.93,4.57
1,1548382944021,12.73,1.05,3.86
1,1548382944021,12.63,1.73,3.53
1,1548382944022,12.38,2.07,2.69
1,1548382944095,12.26,2.28,2.16
1,1548382944095,12.32,2.53,1.13
1,1548382944096,12.44,2.22,0.78
1,1548382944096,12.55,1.67,0.19
1,1548382944096,12.48,1.17,0.15
1,1548382944097,11.89,0.44,-0.13
1,1548382944097,11.19,0.33,-0.23
1,1548382944171,10.87,0.64,-1.11
1,1548382944172,10.52,0.91,-1.44
1,1548382944172,10.11,1.67,-1.75
1,1548382944173,10.01,2.28,-2.28
1,1548382944174,10.0,2.51,-2.42
1,1548382944174,9.94,1.85,-1.85
1,1548382944175,9.84,0.58,-1.52
1,1548382944175,9.96,0.8,-1.4
1,1548382944259,10.0,1.32,-1.32
1,1548382944260,9.86,1.79,-1.42
1,1548382944261,9.43,2.2,-1.4
1,1548382944261,9.23,2.12,-1.38
1,1548382944262,9.16,1.97,-1.32
1,1548382944262,9.0,1.77,-1.25
1,1548382944263,8.82,1.56,-1.11
1,1548382944318,8.73,1.54,-1.07
1,1548382944319,8.65,1.54,-1.07
1,1548382944320,8.55,1.56,-1.07
1,1548382944320,8.43,1.54,-1.13
1,1548382944321,8.43,1.6,-1.21
1,1548382944321,8.49,1.64,-1.26
1,1548382944322,8.53,1.71,-1.28
1,1548382944322,8.53,1.87,-1.42
1,1548382944392,8.53,1.97,-1.44
1,1548382944393,8.57,2.1,-1.42
1,1548382944394,8.71,2.28,-1.44
1,1548382944395,8.98,2.38,-1.38
1,1548382944396,9.1,2.3,-1.3
1,1548382944396,9.19,2.22,-1.23
1,1548382944396,9.21,2.1,-1.23
1,1548382944470,9.21,1.99,-1.05
1,1548382944471,9.19,1.95,-0.87
1,1548382944471,9.16,1.81,-0.8
1,1548382944491,9.19,1.73,-0.7
1,1548382944492,9.29,1.62,-0.56
1,1548382944493,9.33,1.66,-0.46
1,1548382944493,9.37,1.66,-0.41
1,1548382944493,9.33,1.69,-0.35
1,1548382944562,9.37,1.71,-0.19
1,1548382944562,9.41,1.71,-0.15
1,1548382944563,9.37,1.69,0.0
1,1548382944563,9.31,1.69,0.11
1,1548382944563,9.25,1.69,0.29
1,1548382944564,9.23,1.67,0.27
1,1548382944564,9.23,1.67,0.33
1,1548382944617,9.25,1.64,0.37
1,1548382944617,9.35,1.62,0.31
1,1548382944618,9.39,1.64,0.25
1,1548382944618,9.33,1.67,0.09
1,1548382944642,9.25,1.69,0.17
1,1548382944643,9.27,1.91,0.54
1,1548382944644,9.31,1.91,0.68
1,1548382944645,9.37,1.87,0.99
1,1548382944697,9.49,1.87,1.09
1,1548382944698,9.78,2.01,1.01
1,1548382944698,10.05,2.03,0.95
1,1548382944699,10.15,2.22,0.97
1,1548382944699,10.21,2.34,0.97
1,1548382944699,10.97,1.91,1.77
1,1548382944700,11.07,2.4,2.34
1,1548382944770,11.07,2.87,3.0
1,1548382944770,10.91,3.45,3.28
1,1548382944771,10.33,5.07,3.53
1,1548382944788,9.88,5.0,3.35
1,1548382944788,9.62,4.68,3.22
1,1548382944788,9.33,4.19,3.0
1,1548382944789,9.31,4.06,1.69
1,1548382944789,9.43,4.08,1.21
1,1548382944852,9.41,3.96,1.05
1,1548382944853,9.25,3.8,0.78
1,1548382944853,9.29,3.53,0.42
1,1548382944853,9.33,3.59,0.39
1,1548382944853,9.31,3.61,0.39
1,1548382944854,9.27,3.59,0.33
1,1548382944854,8.96,3.2,0.19
1,1548382944919,8.84,2.96,0.11
1,1548382944920,8.84,2.77,0.05
1,1548382944938,8.92,2.55,0.03
1,1548382944938,9.1,2.07,0.05
1,1548382944939,9.25,1.93,0.05
1,1548382944939,9.35,1.85,0.13
1,1548382944939,9.45,1.85,0.17
1,1548382944939,9.64,1.73,0.25
1,1548382944994,9.82,1.67,0.17
1,1548382944994,9.92,1.71,0.07
1,1548382944995,10.01,1.75,-0.05
1,1548382944995,10.05,1.97,-0.21
1,1548382944996,10.05,2.01,-0.23
1,1548382945015,10.07,1.99,-0.27
1,1548382945016,10.11,1.99,-0.37
1,1548382945077,10.23,2.1,-0.62
1,1548382945079,10.31,2.24,-0.76
1,1548382945080,10.33,2.34,-0.89
1,1548382945081,10.27,2.4,-0.99
1,1548382945082,10.09,2.36,-1.07
1,1548382945083,10.05,2.34,-1.05
1,1548382945085,10.0,2.3,-1.11
1,1548382945086,10.0,2.28,-1.03
1,1548382945161,9.9,2.22,-1.07
1,1548382945162,9.86,2.16,-1.07
1,1548382945162,9.78,2.12,-1.05
1,1548382945162,9.72,2.14,-1.05
1,1548382945162,9.51,2.08,-1.05
1,1548382945163,9.39,2.05,-1.05
1,1548382945163,9.23,2.01,-1.01
1,1548382945219,9.16,1.95,-0.95
1,1548382945220,9.0,1.93,-0.85
1,1548382945220,8.96,1.87,-0.83
1,1548382945220,8.92,1.83,-0.8
1,1548382945220,8.84,1.79,-0.82
1,1548382945221,8.82,1.71,-0.72
1,1548382945221,8.86,1.69,-0.7
1,1548382945221,8.92,1.67,-0.58
1,1548382945295,9.02,1.67,-0.56
1,1548382945295,9.0,1.64,-0.48
1,1548382945295,9.06,1.62,-0.42
1,1548382945297,9.12,1.56,-0.35
1,1548382945297,9.14,1.54,-0.33
1,1548382945297,9.14,1.54,-0.29
1,1548382945297,9.29,1.54,-0.44
1,1548382945369,9.45,1.52,-0.44
1,1548382945370,9.53,1.52,-0.44
1,1548382945370,9.55,1.58,-0.27
1,1548382945370,9.51,1.67,-0.21
1,1548382945371,9.51,1.71,-0.13
1,1548382945371,9.47,1.75,-0.09
1,1548382945371,9.41,1.75,0.05
1,1548382945371,9.33,1.77,0.09
1,1548382945445,9.27,1.75,0.07
1,1548382945476,9.23,1.77,0.13
1,1548382945476,9.27,1.66,0.21
1,1548382945477,9.31,1.62,0.23
1,1548382945477,9.33,1.54,0.17
1,1548382945477,9.39,1.44,0.19
1,1548382945477,9.43,1.28,0.07
1,1548382945520,9.43,1.23,0.0
1,1548382945544,9.49,1.23,-0.05
1,1548382945544,9.53,1.23,-0.09
1,1548382945545,9.6,1.38,-0.23
1,1548382945545,9.64,1.48,-0.29
1,1548382945545,9.66,1.58,-0.35
1,1548382945545,9.7,1.66,-0.44
1,1548382945546,9.7,1.71,-0.52
1,1548382945624,9.7,1.79,-0.64
1,1548382945625,9.64,1.87,-0.64
1,1548382945625,9.62,1.97,-0.66
1,1548382945626,9.64,2.05,-0.72
1,1548382945626,9.62,2.08,-0.7
1,1548382945626,9.64,2.12,-0.7
1,1548382945627,9.68,2.12,-0.72
1,1548382945748,9.94,2.2,-0.8
1,1548382945749,10.17,2.26,-0.82
1,1548382945750,10.41,2.28,-0.83
1,1548382945751,10.58,2.26,-0.87
1,1548382945752,10.91,2.24,-0.97
1,1548382945818,10.97,2.18,-1.03
1,1548382945819,11.05,2.08,-1.05
1,1548382945819,11.09,2.07,-0.99
1,1548382945819,11.07,2.01,-0.99
1,1548382945820,10.54,2.2,-1.36
1,1548382945820,10.17,2.4,-1.5
1,1548382945820,10.05,2.51,-1.54
1,1548382945820,9.88,2.55,-1.52
1,1548382945895,9.72,2.63,-1.6
1,1548382945896,9.14,2.98,-1.75
1,1548382945898,9.08,3.04,-1.81
1,1548382945899,9.0,3.12,-1.85
1,1548382945901,8.86,3.26,-1.89
1,1548382945903,8.86,3.28,-1.89
1,1548382945904,8.86,3.32,-1.93
1,1548382945906,8.84,3.33,-1.87
1,1548382945973,8.94,3.47,-1.93
1,1548382945974,9.06,3.43,-2.01
1,1548382945975,9.19,3.39,-2.07
1,1548382945976,9.29,3.37,-2.07
1,1548382945977,9.7,3.37,-2.1
1,1548382945977,9.86,3.41,-2.18
1,1548382945978,9.92,3.43,-2.24
1,1548382945979,9.98,3.43,-2.22
1,1548382946058,10.0,3.39,-2.32
1,1548382946059,10.03,3.39,-2.42
1,1548382946060,10.07,3.41,-2.46
1,1548382946061,10.03,3.49,-2.44
1,1548382946062,10.01,3.51,-2.42
1,1548382946062,9.96,3.51,-2.4
1,1548382946063,9.92,3.47,-2.42
1,1548382946064,9.94,3.49,-2.42
1,1548382946122,9.88,3.49,-2.38
1,1548382946123,9.96,3.51,-2.42
1,1548382946124,10.0,3.45,-2.44
1,1548382946125,10.07,3.41,-2.42
1,1548382946126,10.13,3.32,-2.36
1,1548382946126,10.21,3.22,-2.34
1,1548382946127,10.27,3.22,-2.4
1,1548382946127,10.25,3.26,-2.48
1,1548382946195,9.98,3.2,-2.46
1,1548382946197,9.94,3.16,-2.44
1,1548382946197,10.07,3.08,-2.36
1,1548382946198,10.21,3.0,-2.36
1,1548382946199,10.46,2.85,-2.32
1,1548382946199,10.44,2.81,-2.32
1,1548382946200,10.39,2.79,-2.22
1,1548382946274,10.39,2.73,-2.18
1,1548382946277,10.39,2.59,-2.07
1,1548382946280,10.33,2.57,-2.01
1,1548382946282,10.25,2.46,-1.93
1,1548382946283,10.21,2.4,-1.89
1,1548382946285,10.13,2.32,-1.83
1,1548382946287,10.13,2.24,-1.79
1,1548382946289,10.09,2.2,-1.77
1,1548382946352,10.09,2.18,-1.73
1,1548382946354,10.03,2.08,-1.66
1,1548382946355,9.96,2.1,-1.62
1,1548382946356,9.94,2.05,-1.66
1,1548382946357,9.9,2.05,-1.6
1,1548382946358,9.86,2.1,-1.56
1,1548382946359,9.82,2.14,-1.54
1,1548382946422,9.8,2.12,-1.54
1,1548382946423,9.72,2.12,-1.5
1,1548382946425,9.57,2.08,-1.52
1,1548382946426,9.53,2.05,-1.48
1,1548382946427,9.53,2.03,-1.48
1,1548382946428,9.53,2.03,-1.48
1,1548382946429,9.49,1.91,-1.44
1,1548382946430,9.47,1.89,-1.44
1,1548382946495,9.51,1.85,-1.44
1,1548382946496,9.49,1.85,-1.4
1,1548382946497,9.47,1.85,-1.38
1,1548382946498,9.47,1.89,-1.44
1,1548382946498,9.47,1.91,-1.4
1,1548382946499,9.49,1.91,-1.4
1,1548382946500,9.45,1.95,-1.38
1,1548382946574,9.41,1.95,-1.4
1,1548382946575,9.43,1.93,-1.36
1,1548382946605,9.51,1.95,-1.42
1,1548382946607,9.49,1.95,-1.32
1,1548382946607,9.43,1.97,-1.32
1,1548382946608,9.43,1.99,-1.28
1,1548382946609,9.47,1.99,-1.32
1,1548382946610,9.6,2.05,-1.32
1,1548382946654,9.64,2.01,-1.36
1,1548382946655,9.64,2.01,-1.38
1,1548382946656,9.64,2.01,-1.38
1,1548382946657,9.66,1.99,-1.4
1,1548382946657,9.68,1.99,-1.44
1,1548382946658,9.74,1.97,-1.44
1,1548382946659,9.76,1.93,-1.42
1,1548382946717,9.8,2.03,-1.5
1,1548382946795,9.82,2.05,-1.56
1,1548382946872,9.82,2.07,-1.58
1,1548382946889,9.84,2.08,-1.6
1,1548382946891,9.9,2.08,-1.67
1,1548382946892,9.9,2.1,-1.69
1,1548382946893,9.98,2.2,-1.69
1,1548382946893,9.96,2.2,-1.69
1,1548382946894,9.98,2.3,-1.67
1,1548382946895,10.01,2.32,-1.69
1,1548382946960,10.41,2.22,-1.85
1,1548382946961,10.8,2.34,-2.94
1,1548382946962,10.39,2.38,-2.92
1,1548382946962,9.37,2.51,-2.65
1,1548382946963,8.94,2.57,-2.51
1,1548382946963,8.67,2.59,-2.36
1,1548382946963,8.55,2.63,-2.24
1,1548382946964,8.63,2.65,-1.99
1,1548382947021,8.57,2.69,-1.87
1,1548382947040,8.45,2.81,-1.77
1,1548382947041,8.33,2.98,-1.75
1,1548382947042,8.43,3.3,-1.81
1,1548382947043,8.61,3.32,-1.79
1,1548382947043,8.78,3.26,-1.66
1,1548382947044,8.96,3.16,-1.54
1,1548382947045,9.12,2.98,-1.4
1,1548382947094,9.25,2.91,-1.21
1,1548382947105,9.39,2.87,-0.93
1,1548382947106,9.51,2.71,-0.74
1,1548382947106,9.68,2.32,-0.13
1,1548382947106,9.74,1.99,0.07
1,1548382947107,9.78,1.67,0.11
1,1548382947107,9.82,1.44,0.17
1,1548382947108,10.03,1.11,0.46
1,1548382947170,10.09,0.97,0.52
1,1548382947170,10.11,0.85,0.48
1,1548382947190,10.05,0.87,0.58
1,1548382947192,10.0,1.21,0.74
1,1548382947192,10.05,1.38,0.78
1,1548382947193,10.09,1.58,0.76
1,1548382947194,10.09,1.85,0.56
1,1548382947194,9.96,2.5,0.11
1,1548382947256,9.84,2.71,-0.01
1,1548382947257,9.74,2.81,-0.07
1,1548382947257,9.8,2.94,-0.05
1,1548382947258,10.17,3.33,0.09
1,1548382947258,10.37,3.55,0.11
1,1548382947259,10.5,3.63,0.13
1,1548382947259,10.5,3.63,0.25
1,1548382947321,10.62,3.47,0.74
1,1548382947321,10.78,3.41,1.09
1,1548382947322,11.15,3.84,1.32
1,1548382947322,11.25,4.06,1.54
1,1548382947322,10.91,3.57,1.93
1,1548382947323,10.56,2.91,2.08
1,1548382947323,10.31,2.18,2.26
1,1548382947323,10.11,1.58,2.44
1,1548382947400,10.05,0.6,2.87
1,1548382947401,9.96,0.19,3.1
1,1548382947402,9.76,-0.15,3.08
1,1548382947402,9.64,-0.27,3.14
1,1548382947403,9.33,-0.41,2.91
1,1548382947404,9.25,-0.21,2.53
1,1548382947404,9.23,0.21,2.12
1,1548382947472,9.23,0.52,1.75
1,1548382947473,9.1,0.78,1.23
1,1548382947473,9.1,0.93,1.07
1,1548382947474,9.02,1.19,0.78
1,1548382947476,9.02,1.46,0.44
1,1548382947478,9.12,2.03,0.13
1,1548382947478,9.14,2.28,-0.05
1,1548382947546,9.1,2.44,-0.15
1,1548382947547,9.1,2.53,-0.17
1,1548382947547,8.92,2.51,-0.05
1,1548382947548,8.84,2.46,-0.07
1,1548382947548,8.78,2.44,-0.13
1,1548382947549,8.71,2.4,-0.15
1,1548382947549,8.63,2.3,-0.21
1,1548382947550,8.71,2.28,-0.07
1,1548382947619,8.78,2.22,0.03
1,1548382947620,8.88,2.2,0.19
1,1548382947621,8.9,2.18,0.41
1,1548382947621,8.94,2.24,0.5
1,1548382947621,8.9,2.26,0.5
1,1548382947622,8.94,2.24,0.52
1,1548382947622,9.1,2.2,0.58
1,1548382947695,9.19,2.26,0.58
1,1548382947697,9.25,2.26,0.54
1,1548382947698,9.29,2.24,0.52
1,1548382947699,9.21,2.3,0.48
1,1548382947699,9.17,2.3,0.5
1,1548382947700,9.21,2.32,0.5
1,1548382947700,9.27,2.26,0.58
1,1548382947701,9.39,2.28,0.74
1,1548382947769,9.37,2.26,0.8
1,1548382947770,9.27,2.14,0.85
1,1548382947772,9.19,2.03,0.82
1,1548382947772,9.25,1.77,0.82
1,1548382947773,9.31,1.73,0.85
1,1548382947773,9.35,1.75,0.87
1,1548382947773,9.33,1.83,0.99
1,1548382947843,9.23,1.95,1.07
1,1548382947847,9.27,2.01,1.13
1,1548382947848,9.37,2.05,1.17
1,1548382947848,9.43,2.1,1.17
1,1548382947848,9.39,2.07,1.21
1,1548382947849,9.31,2.03,1.23
1,1548382947849,9.35,1.97,1.23
1,1548382947849,9.43,1.91,1.25
1,1548382947919,9.58,1.77,1.25
1,1548382947920,9.64,1.71,1.21
1,1548382947921,9.64,1.66,1.23
1,1548382947922,9.62,1.66,1.21
1,1548382947922,9.6,1.71,1.23
1,1548382947923,9.57,1.69,1.26
1,1548382947924,9.64,1.64,1.3
1,1548382947995,9.66,1.62,1.3
1,1548382947995,9.78,1.54,1.3
1,1548382947996,9.8,1.56,1.3
1,1548382947996,9.84,1.56,1.26
1,1548382947996,9.9,1.52,1.26
1,1548382947997,10.13,1.5,1.3
1,1548382947997,10.27,1.5,1.38
1,1548382947997,10.37,1.5,1.38
1,1548382948069,10.39,1.56,1.46
1,1548382948079,10.33,1.58,1.6
1,1548382948080,10.23,1.62,1.69
1,1548382948080,10.11,1.58,1.77
1,1548382948080,9.96,1.48,1.75
1,1548382948081,9.64,1.46,1.75
1,1548382948081,9.47,1.46,1.69
1,1548382948151,9.33,1.46,1.71
1,1548382948152,9.23,1.46,1.64
1,1548382948153,9.21,1.54,1.56
1,1548382948154,9.21,1.58,1.52
1,1548382948157,9.16,1.66,1.46
1,1548382948158,9.1,1.67,1.4
1,1548382948159,9.02,1.75,1.32
1,1548382948160,9.1,1.77,1.28
1,1548382948222,9.19,1.83,1.26
1,1548382948235,9.25,1.83,1.23
1,1548382948236,9.25,1.87,1.23
1,1548382948237,9.25,1.93,1.23
1,1548382948237,9.27,1.95,1.21
1,1548382948238,9.33,1.97,1.21
1,1548382948238,9.53,2.07,1.15
1,1548382948295,9.53,2.07,1.09
1,1548382948295,9.49,2.08,1.07
1,1548382948315,9.51,2.07,1.03
1,1548382948316,9.49,1.91,0.93
1,1548382948316,9.53,1.83,0.78
1,1548382948316,9.47,1.79,0.7
1,1548382948316,9.43,1.77,0.58
1,1548382948317,9.29,1.81,0.44
1,1548382948370,9.04,1.93,0.15
1,1548382948370,8.9,1.91,0.13
1,1548382948371,8.82,1.91,0.11
1,1548382948371,8.82,1.97,0.13
1,1548382948371,8.94,2.12,0.15
1,1548382948371,8.96,2.22,0.17
1,1548382948372,8.92,2.28,0.21
1,1548382948442,8.9,2.32,0.13
1,1548382948443,8.92,2.3,0.03
1,1548382948443,8.98,2.26,0.01
1,1548382948444,9.04,2.28,-0.05
1,1548382948444,9.04,2.2,-0.07
1,1548382948444,9.08,2.14,-0.01
1,1548382948445,9.14,2.12,0.03
1,1548382948445,9.12,2.07,0.09
1,1548382948517,9.16,1.97,0.15
1,1548382948531,9.29,1.87,0.23
1,1548382948532,9.39,1.83,0.25
1,1548382948532,9.47,1.83,0.33
1,1548382948532,9.55,1.85,0.35
1,1548382948533,9.72,1.89,0.39
1,1548382948533,9.74,1.87,0.41
1,1548382948593,9.76,1.85,0.44
1,1548382948594,9.82,1.89,0.44
1,1548382948676,9.82,1.87,0.44
1,1548382948678,9.78,1.89,0.54
1,1548382948680,9.66,1.85,0.6
1,1548382948681,9.58,1.83,0.68
1,1548382948682,9.58,1.87,0.85
1,1548382948685,9.7,1.89,0.91
1,1548382948686,9.84,1.89,1.03
1,1548382948687,9.9,1.87,1.11
1,1548382948748,9.9,1.85,1.19
1,1548382948751,10.0,1.58,1.21
1,1548382948752,10.01,1.36,1.21
1,1548382948753,10.11,1.26,1.19
1,1548382948754,10.41,1.36,1.21
1,1548382948754,10.54,1.44,1.21
1,1548382948755,10.58,1.44,1.23
1,1548382948756,10.62,1.46,1.19
1,1548382948819,10.74,1.66,1.03
1,1548382948820,10.82,1.79,0.85
1,1548382948820,10.83,1.95,0.83
1,1548382948821,10.78,1.95,0.76
1,1548382948821,10.21,1.93,0.7
1,1548382948821,9.82,2.05,0.64
1,1548382948821,9.47,2.2,0.58
1,1548382948822,9.19,2.36,0.48
1,1548382948894,8.78,2.36,0.27
1,1548382948901,8.63,2.28,0.0
1,1548382948901,8.47,2.16,-0.21
1,1548382948902,8.41,2.03,-0.27
1,1548382948902,8.61,1.79,-0.31
1,1548382948902,8.9,1.75,-0.25
1,1548382948902,9.17,1.85,-0.25
1,1548382948902,9.45,2.05,-0.33
1,1548382948969,9.76,2.12,-0.42
1,1548382948970,9.92,1.99,-0.46
1,1548382948970,10.01,1.87,-0.56
1,1548382948971,10.11,1.81,-0.72
1,1548382948971,10.35,1.77,-0.87
1,1548382948992,10.39,1.77,-0.99
1,1548382948993,10.29,1.73,-1.09
1,1548382949050,10.21,1.71,-1.07
1,1548382949052,10.21,1.71,-1.07
1,1548382949053,10.29,1.77,-1.17
1,1548382949055,10.35,1.85,-1.25
1,1548382949056,10.37,1.93,-1.32
1,1548382949057,10.03,2.14,-1.42
1,1548382949058,9.84,2.22,-1.5
1,1548382949059,9.7,2.28,-1.56
1,1548382949117,9.6,2.34,-1.64
1,1548382949137,9.62,2.53,-1.87
1,1548382949137,9.64,2.63,-1.91
1,1548382949137,9.64,2.67,-1.99
1,1548382949137,9.68,2.75,-2.07
1,1548382949197,9.86,2.94,-2.16
1,1548382949227,10.0,3.0,-2.22
1,1548382949227,10.13,3.04,-2.28
1,1548382949228,10.25,3.04,-2.32
1,1548382949228,10.31,3.06,-2.36
1,1548382949229,10.23,3.04,-2.42
1,1548382949229,10.17,3.0,-2.46
1,1548382949229,10.11,3.02,-2.46
1,1548382949286,10.01,3.0,-2.5
1,1548382949287,9.98,2.94,-2.48
1,1548382949287,9.98,2.89,-2.51
1,1548382949288,9.98,2.85,-2.5
1,1548382949288,10.01,2.73,-2.4
1,1548382949289,10.0,2.69,-2.38
1,1548382949289,9.96,2.63,-2.38
1,1548382949289,9.9,2.61,-2.34
1,1548382949342,9.76,2.57,-2.42
1,1548382949343,9.7,2.55,-2.42
1,1548382949343,9.64,2.53,-2.36
1,1548382949343,9.58,2.5,-2.38
1,1548382949344,9.58,2.48,-2.36
1,1548382949344,9.6,2.5,-2.32
1,1548382949345,9.55,2.51,-2.3
1,1548382949345,9.43,2.48,-2.26
1,1548382949422,9.45,2.42,-2.24
1,1548382949424,9.57,2.38,-2.26
1,1548382949424,9.58,2.32,-2.3
1,1548382949425,9.53,2.3,-2.24
1,1548382949425,9.27,2.18,-2.08
1,1548382949426,9.21,2.18,-2.03
1,1548382949427,9.25,2.18,-2.03
1,1548382949427,9.27,2.18,-2.01
1,1548382949494,9.17,2.16,-1.97
1,1548382949495,9.06,2.1,-1.89
1,1548382949495,8.98,2.07,-1.89
1,1548382949496,8.98,2.03,-1.83
1,1548382949508,9.08,2.01,-1.87
1,1548382949508,9.12,1.97,-1.81
1,1548382949509,9.14,2.01,-1.79
1,1548382949509,9.17,2.01,-1.77
1,1548382949569,9.1,2.05,-1.73
1,1548382949592,9.02,2.07,-1.71
1,1548382949593,8.96,2.05,-1.69
1,1548382949593,8.94,2.01,-1.66
1,1548382949594,8.94,2.07,-1.56
1,1548382949594,8.88,2.07,-1.5
1,1548382949594,8.86,2.08,-1.52
1,1548382949646,8.78,2.07,-1.48
1,1548382949647,8.78,2.12,-1.4
1,1548382949649,8.8,2.14,-1.4
1,1548382949650,8.82,2.16,-1.38
1,1548382949651,8.86,2.2,-1.3
1,1548382949652,8.92,2.26,-1.3
1,1548382949653,8.94,2.28,-1.28
1,1548382949654,8.98,2.24,-1.25
1,1548382949723,9.06,2.28,-1.23
1,1548382949725,9.33,2.28,-1.28
1,1548382949727,9.47,2.28,-1.28
1,1548382949729,9.58,2.26,-1.32
1,1548382949731,9.68,2.26,-1.3
1,1548382949732,9.88,2.26,-1.38
1,1548382949734,9.92,2.24,-1.42
1,1548382949794,9.96,2.28,-1.4
1,1548382949795,9.9,2.3,-1.42
1,1548382949795,9.88,2.32,-1.52
1,1548382949795,9.94,2.4,-1.58
1,1548382949796,10.03,2.44,-1.66
1,1548382949796,10.11,2.48,-1.67
1,1548382949796,10.11,2.59,-1.67
1,1548382949796,10.09,2.73,-1.69
1,1548382949869,10.21,2.81,-1.75
1,1548382949884,10.25,2.85,-1.75
1,1548382949885,10.15,2.85,-1.83
1,1548382949886,10.03,2.87,-1.87
1,1548382949887,10.01,2.83,-1.87
1,1548382949887,10.01,2.83,-1.91
1,1548382949888,10.05,2.75,-1.93
1,1548382949948,10.11,2.71,-1.97
1,1548382949949,10.11,2.71,-1.99
1,1548382949950,10.11,2.67,-2.07
1,1548382949951,10.19,2.69,-2.12
1,1548382949952,10.21,2.67,-2.14
1,1548382949952,10.17,2.65,-2.16
1,1548382949953,10.09,2.63,-2.2
1,1548382949954,9.84,2.59,-2.2
1,1548382950020,9.78,2.63,-2.2
1,1548382950020,9.68,2.65,-2.22
1,1548382950021,9.62,2.65,-2.18
1,1548382950021,9.57,2.67,-2.22
1,1548382950021,9.49,2.63,-2.2
1,1548382950021,9.49,2.61,-2.22
1,1548382950022,9.45,2.67,-2.22
1,1548382950096,9.29,2.67,-2.28
1,1548382950098,9.25,2.65,-2.24
1,1548382950098,9.25,2.65,-2.24
1,1548382950125,9.27,2.63,-2.26
1,1548382950126,9.31,2.69,-2.28
1,1548382950126,9.27,2.67,-2.26
1,1548382950126,9.19,2.75,-2.22
1,1548382950127,9.14,2.71,-2.12
1,1548382950172,9.12,2.69,-2.1
1,1548382950173,9.16,2.65,-2.12
1,1548382950173,9.21,2.57,-2.12
1,1548382950174,9.23,2.61,-2.16
1,1548382950194,9.23,2.71,-2.14
1,1548382950194,9.35,2.81,-2.18
1,1548382950194,9.45,2.89,-2.16
1,1548382950243,9.53,2.92,-2.2
1,1548382950244,9.47,2.79,-2.1
1,1548382950245,9.49,2.77,-2.14
1,1548382950246,9.55,2.79,-2.18
1,1548382950246,9.64,2.83,-2.22
1,1548382950247,9.76,2.77,-2.3
1,1548382950247,9.82,2.77,-2.36
1,1548382950248,9.88,2.73,-2.38
1,1548382950322,9.88,2.79,-2.42
1,1548382950323,9.9,2.92,-2.57
1,1548382950347,9.86,2.98,-2.53
1,1548382950349,9.84,2.91,-2.51
1,1548382950349,9.8,2.89,-2.57
1,1548382950350,9.76,2.87,-2.5
1,1548382950350,9.78,2.85,-2.42
1,1548382950395,9.86,2.77,-2.4
1,1548382950396,9.94,2.73,-2.38
1,1548382950399,9.98,2.71,-2.32
1,1548382950399,9.94,2.77,-2.36
1,1548382950400,9.92,2.79,-2.38
1,1548382950401,9.92,2.81,-2.32
1,1548382950401,9.88,2.79,-2.26
1,1548382950402,9.88,2.73,-2.24
1,1548382950470,9.86,2.65,-2.16
1,1548382950472,9.84,2.57,-2.1
1,1548382950473,9.84,2.48,-1.97
1,1548382950474,9.78,2.46,-1.89
1,1548382950475,9.76,2.44,-1.93
1,1548382950476,9.74,2.4,-1.83
1,1548382950477,9.76,2.3,-1.75
1,1548382950546,9.76,2.2,-1.75
1,1548382950548,9.78,2.22,-1.71
1,1548382950549,9.78,2.18,-1.69
1,1548382950551,9.9,2.18,-1.71
1,1548382950552,9.94,2.1,-1.69
1,1548382950553,9.96,2.12,-1.67
1,1548382950554,9.94,2.1,-1.69
1,1548382950554,9.88,2.08,-1.66
1,1548382950619,9.8,2.03,-1.67
1,1548382950620,9.86,1.99,-1.69
1,1548382950621,9.96,1.93,-1.71
1,1548382950622,9.94,1.89,-1.67
1,1548382950623,9.72,1.95,-1.58
1,1548382950624,9.68,1.99,-1.56
1,1548382950625,9.66,2.05,-1.52
1,1548382950697,9.64,2.12,-1.54
1,1548382950700,9.49,2.14,-1.52
1,1548382950702,9.35,2.14,-1.46
1,1548382950703,9.23,2.2,-1.46
1,1548382950705,9.19,2.2,-1.44
1,1548382950706,9.19,2.26,-1.26
1,1548382950707,9.21,2.28,-1.21
1,1548382950708,9.19,2.32,-1.17
1,1548382950775,9.21,2.34,-1.17
1,1548382950775,9.29,2.34,-1.07
1,1548382950776,9.35,2.32,-0.97
1,1548382950777,9.37,2.36,-0.93
1,1548382950777,9.45,2.3,-0.87
1,1548382950778,9.53,2.22,-0.85
1,1548382950778,9.58,2.18,-0.78
1,1548382950847,9.66,2.12,-0.72
1,1548382950848,9.7,2.1,-0.68
1,1548382950849,9.8,2.05,-0.68
1,1548382950850,9.82,2.03,-0.66
1,1548382950850,9.78,1.95,-0.64
1,1548382950922,9.74,1.91,-0.66
1,1548382950923,9.7,1.85,-0.58
1,1548382950923,9.62,1.83,-0.56
1,1548382950923,9.55,1.85,-0.56
1,1548382950924,9.51,1.87,-0.52
1,1548382950924,9.31,1.97,-0.52
1,1548382950925,9.21,2.12,-0.52
1,1548382950925,9.19,2.22,-0.58
1,1548382950996,9.14,2.34,-0.6
1,1548382950998,9.08,2.51,-0.74
1,1548382951000,9.16,2.59,-0.76
1,1548382951001,9.21,2.61,-0.7
1,1548382951002,9.25,2.63,-0.72
1,1548382951003,9.33,2.59,-0.7
1,1548382951004,9.43,2.55,-0.7
1,1548382951005,9.53,2.53,-0.64
1,1548382951070,9.39,2.5,-0.52
1,1548382951071,9.23,2.48,-0.42
1,1548382951071,9.17,2.48,-0.35
1,1548382951072,9.31,2.51,-0.25
1,1548382951072,9.68,2.53,-0.13
1,1548382951073,9.86,2.53,-0.11
1,1548382951074,10.09,2.18,-0.17
1,1548382951074,10.25,2.01,-0.35
1,1548382951145,10.54,1.97,-0.5
1,1548382951146,10.72,2.08,-0.5
1,1548382951147,10.83,2.22,-0.52
1,1548382951148,10.99,2.32,-0.48
1,1548382951149,11.17,2.2,-0.5
1,1548382951149,11.19,1.97,-0.56
1,1548382951150,11.21,1.71,-0.62
1,1548382951151,11.13,1.46,-0.62
1,1548382951221,10.93,1.09,-0.56
1,1548382951222,10.82,0.95,-0.48
1,1548382951222,10.78,0.91,-0.27
1,1548382951235,10.89,0.95,-0.11
1,1548382951236,11.17,0.95,-0.35
1,1548382951236,11.07,0.89,-0.41
1,1548382951236,10.74,0.76,-0.46
1,1548382951295,10.27,0.8,-0.56
1,1548382951296,9.74,1.07,-1.19
1,1548382951296,9.58,1.23,-1.34
1,1548382951296,9.43,1.44,-1.3
1,1548382951296,9.16,1.71,-1.23
1,1548382951297,8.65,1.95,-0.78
1,1548382951320,8.41,1.62,-0.52
1,1548382951374,8.24,1.19,-0.19
1,1548382951375,7.98,0.66,0.09
1,1548382951376,7.48,0.19,0.39
1,1548382951376,7.18,0.23,0.44
1,1548382951377,6.99,0.29,0.64
1,1548382951377,6.99,0.23,0.76
1,1548382951377,7.16,0.05,0.8
1,1548382951377,7.2,0.05,0.8
1,1548382951448,7.12,0.17,0.74
1,1548382951449,7.05,0.41,0.6
1,1548382951472,7.18,0.91,0.48
1,1548382951473,7.36,1.03,0.5
1,1548382951473,7.63,1.07,0.46
1,1548382951524,7.91,1.13,0.46
1,1548382951527,8.53,1.15,0.44
1,1548382951528,8.88,1.23,0.42
1,1548382951529,9.27,1.26,0.44
1,1548382951529,9.62,1.34,0.29
1,1548382951530,10.35,1.5,-0.87
1,1548382951530,10.72,1.6,-1.07
1,1548382951531,10.95,1.79,-1.62
1,1548382951595,11.07,2.51,-2.59
1,1548382951596,11.79,6.64,-2.79
1,1548382951596,12.42,7.14,-1.91
1,1548382951597,12.73,7.2,-1.21
1,1548382951597,12.34,4.82,-1.6
1,1548382951597,12.1,3.24,-2.16
1,1548382951598,11.75,2.26,-2.38
1,1548382951598,11.25,1.91,-2.5
1,1548382951672,12.01,1.56,-1.52
1,1548382951673,13.35,0.93,-1.21
1,1548382951674,14.62,0.23,-0.93
1,1548382951676,15.05,-0.62,-0.95
1,1548382951677,13.82,-1.77,-2.14
1,1548382951678,13.02,-1.58,-2.03
1,1548382951679,12.48,-1.07,-2.05
1,1548382951680,12.24,-1.03,-2.32
1,1548382951745,12.42,-1.44,-2.91
1,1548382951748,12.34,-1.85,-3.08
1,1548382951749,11.87,-1.75,-3.18
1,1548382951749,11.34,-1.26,-3.3
1,1548382951750,10.91,0.39,-2.94
1,1548382951751,11.15,1.01,-2.81
1,1548382951751,11.66,1.56,-2.77
1,1548382951752,12.1,2.24,-3.02
1,1548382951827,12.94,2.03,-3.59
1,1548382951828,12.75,1.26,-3.55
1,1548382951829,11.95,0.56,-3.24
1,1548382951830,10.93,0.25,-2.94
1,1548382951830,8.63,0.95,-2.08
1,1548382951831,8.39,2.42,-1.73
1,1548382951832,8.82,2.91,-1.75
1,1548382951895,8.76,2.38,-1.42
1,1548382951896,7.81,2.34,-2.05
1,1548382951897,7.57,2.73,-2.75
1,1548382951898,7.53,2.51,-3.26
1,1548382951898,7.1,1.95,-3.2
1,1548382951899,5.76,2.85,-3.88
1,1548382951900,5.8,4.51,-4.25
1,1548382951969,6.05,5.68,-4.27
1,1548382951970,5.91,5.93,-4.29
1,1548382951971,4.27,6.17,-3.55
1,1548382951972,4.33,6.21,-2.98
1,1548382951972,4.47,6.21,-2.5
1,1548382951973,5.23,6.25,-1.5
1,1548382951973,4.12,7.87,-4.04
1,1548382951974,3.24,6.4,-3.08
1,1548382952049,3.35,2.75,-1.07
1,1548382952050,3.2,-1.79,-0.93
1,1548382952051,5.21,-2.34,-2.08
1,1548382952052,7.05,-3.33,-2.61
1,1548382952054,8.88,-5.56,-3.04
1,1548382952055,10.09,-6.5,-2.53
1,1548382952056,9.88,-1.48,-4.35
1,1548382952119,9.14,5.58,-6.21
1,1548382952120,8.35,14.0,-8.63
1,1548382952120,8.06,17.94,-9.76
1,1548382952142,6.25,12.36,-6.64
1,1548382952143,5.58,7.81,-3.96
1,1548382952143,5.42,4.94,-2.59
1,1548382952143,5.82,4.45,-1.85
1,1548382952143,6.58,6.44,-2.48
1,1548382952193,6.5,6.19,-3.51
1,1548382952222,6.25,5.46,-4.68
1,1548382952223,6.15,4.84,-5.52
1,1548382952224,6.32,4.47,-6.48
1,1548382952224,6.67,4.29,-7.24
1,1548382952225,7.3,4.16,-7.01
1,1548382952225,7.55,4.08,-6.44
1,1548382952268,7.08,3.22,-5.44
1,1548382952269,6.81,3.1,-5.37
1,1548382952270,6.62,3.75,-5.44
1,1548382952270,6.4,4.76,-5.44
1,1548382952271,6.25,6.05,-5.95
1,1548382952272,6.34,5.99,-6.32
1,1548382952272,6.46,5.56,-6.28
1,1548382952272,6.42,5.07,-5.89
1,1548382952341,6.07,4.51,-5.33
1,1548382952342,6.09,4.27,-5.05
1,1548382952360,6.03,4.02,-5.39
1,1548382952360,6.15,3.82,-5.95
1,1548382952361,6.99,4.06,-6.5
1,1548382952361,7.3,4.82,-6.38
1,1548382952361,7.07,4.92,-6.19
1,1548382952417,6.85,4.92,-5.91
1,1548382952429,6.62,4.84,-5.82
1,1548382952430,6.54,5.0,-5.93
1,1548382952430,6.56,5.0,-6.05
1,1548382952431,6.64,4.76,-5.95
1,1548382952431,6.66,4.25,-5.58
1,1548382952431,6.69,4.08,-5.7
1,1548382952431,6.69,4.19,-5.78
1,1548382952493,6.71,4.62,-5.76
1,1548382952494,6.67,5.27,-5.87
1,1548382952494,6.62,5.23,-5.87
1,1548382952494,6.64,5.0,-5.82
1,1548382952494,6.71,4.55,-5.83
1,1548382952494,6.95,4.45,-4.9
1,1548382952495,6.85,4.53,-4.51
1,1548382952570,6.66,4.43,-4.37
1,1548382952570,6.64,4.35,-4.45
1,1548382952571,6.83,4.8,-5.03
1,1548382952571,6.93,4.96,-5.25
1,1548382952571,6.95,4.9,-5.37
1,1548382952572,6.87,4.76,-5.39
1,1548382952572,6.46,4.84,-4.88
1,1548382952572,6.34,5.13,-4.51
1,1548382952644,6.4,5.48,-4.14
1,1548382952645,6.54,5.58,-3.8
1,1548382952646,6.5,5.09,-3.84
1,1548382952646,6.3,5.0,-4.17
1,1548382952647,6.32,5.29,-4.76
1,1548382952647,6.67,5.89,-5.35
1,1548382952648,7.28,7.03,-5.46
1,1548382952720,7.26,7.24,-5.03
1,1548382952722,7.08,6.77,-4.02
1,1548382952724,6.75,5.6,-3.22
1,1548382952725,6.71,4.64,-3.0
1,1548382952726,6.85,4.98,-3.69
1,1548382952727,6.99,5.31,-4.33
1,1548382952729,6.97,5.7,-4.76
1,1548382952730,6.75,6.25,-4.74
1,1548382952794,6.34,7.26,-4.12
1,1548382952795,6.23,7.32,-3.49
1,1548382952795,6.09,7.1,-3.0
1,1548382952796,5.97,6.93,-2.28
1,1548382952796,5.89,6.23,-2.69
1,1548382952797,5.93,5.83,-3.14
1,1548382952797,5.99,5.35,-3.28
1,1548382952870,6.17,6.26,-3.65
1,1548382952871,6.21,7.08,-3.47
1,1548382952872,6.03,6.81,-3.22
1,1548382952872,5.95,6.77,-2.75
1,1548382952873,6.13,6.05,-2.65
1,1548382952874,6.32,5.89,-3.04
1,1548382952874,6.48,6.19,-3.26
1,1548382952875,6.58,6.83,-3.41
1,1548382952950,6.48,7.24,-3.14
1,1548382952952,6.36,7.34,-2.69
1,1548382952953,6.48,7.44,-2.91
1,1548382952956,6.46,7.71,-3.22
1,1548382952957,6.34,7.91,-3.51
1,1548382952958,6.3,7.65,-3.43
1,1548382952959,6.15,7.44,-3.12
1,1548382953021,6.26,7.03,-3.1
1,1548382953022,6.3,6.46,-2.91
1,1548382953023,6.23,6.69,-2.3
1,1548382953024,6.26,6.36,-2.03
1,1548382953025,6.34,5.5,-1.83
1,1548382953026,6.4,5.09,-2.18
1,1548382953026,6.52,6.01,-3.43
1,1548382953027,6.77,6.23,-4.16
1,1548382953096,6.91,5.89,-4.43
1,1548382953096,6.79,6.03,-3.98
1,1548382953097,6.66,7.5,-3.53
1,1548382953098,6.66,7.46,-3.28
1,1548382953098,6.56,6.87,-2.85
1,1548382953099,6.46,6.21,-2.65
1,1548382953119,6.83,5.52,-2.16
1,1548382953172,6.89,5.41,-2.44
1,1548382953173,6.87,5.13,-3.32
1,1548382953175,7.24,4.66,-4.62
1,1548382953176,6.97,5.29,-4.8
1,1548382953177,6.56,5.7,-4.33
1,1548382953177,6.44,5.91,-4.23
1,1548382953180,6.32,5.93,-4.27
1,1548382953181,5.83,5.46,-3.71
1,1548382953244,5.87,5.07,-3.37
1,1548382953245,6.11,5.27,-3.14
1,1548382953245,5.99,5.25,-3.39
1,1548382953246,6.01,4.21,-4.17
1,1548382953246,6.17,3.98,-4.96
1,1548382953246,6.56,4.33,-5.17
1,1548382953246,6.83,5.23,-5.25
1,1548382953322,6.81,5.78,-5.13
1,1548382953322,6.58,5.6,-4.82
1,1548382953323,6.64,5.39,-4.53
1,1548382953323,7.03,5.35,-4.35
1,1548382953324,7.71,5.48,-4.25
1,1548382953335,7.44,4.92,-4.33
1,1548382953336,7.08,4.33,-4.66
1,1548382953336,6.97,4.02,-5.5
1,1548382953394,8.0,5.35,-6.62
1,1548382953394,8.35,5.6,-6.4
1,1548382953395,8.49,5.41,-6.15
1,1548382953395,8.43,5.17,-5.87
1,1548382953396,8.2,4.29,-5.39
1,1548382953403,8.04,3.61,-5.17
1,1548382953403,7.85,3.16,-5.05
1,1548382953468,7.51,3.22,-4.82
1,1548382953469,6.56,3.0,-5.83
1,1548382953470,6.81,3.39,-6.87
1,1548382953472,7.38,4.41,-7.46
1,1548382953473,7.89,5.33,-7.67
1,1548382953473,7.92,4.37,-6.95
1,1548382953474,7.44,2.79,-6.75
1,1548382953474,7.28,1.62,-6.4
1,1548382953551,7.4,1.17,-6.15
1,1548382953553,7.94,2.51,-6.38
1,1548382953554,8.06,3.33,-6.17
1,1548382953555,7.96,3.82,-6.09
1,1548382953555,7.83,3.82,-6.09
1,1548382953556,8.18,3.47,-6.6
1,1548382953557,8.49,3.32,-6.58
1,1548382953654,8.55,2.92,-6.56
1,1548382953656,8.49,2.36,-6.4
1,1548382953661,8.18,1.81,-5.97
1,1548382953663,8.53,2.75,-5.48
1,1548382953664,8.75,3.59,-5.17
1,1548382953665,8.65,3.96,-5.52
1,1548382953667,8.61,3.39,-5.7
1,1548382953668,8.33,2.59,-5.72
1,1548382953694,7.91,1.67,-6.07
1,1548382953695,7.61,1.13,-6.28
1,1548382953695,7.46,1.69,-6.36
1,1548382953696,7.36,1.97,-6.11
1,1548382953696,7.01,1.28,-5.42
1,1548382953696,6.5,-0.33,-5.17
1,1548382953696,6.5,-1.13,-5.54
1,1548382953767,6.52,-0.07,-5.46
1,1548382953769,6.38,1.34,-5.46
1,1548382953769,6.23,2.14,-5.46
1,1548382953769,6.64,2.03,-5.21
1,1548382953770,7.08,1.77,-4.86
1,1548382953770,7.38,1.52,-4.53
1,1548382953770,7.32,1.07,-4.33
1,1548382953770,6.23,-0.42,-5.33
1,1548382953846,5.95,-0.72,-6.64
1,1548382953849,5.93,-0.83,-8.26
1,1548382953851,6.25,-1.07,-9.04
1,1548382953852,7.4,-0.66,-7.77
1,1548382953853,7.59,0.97,-7.83
1,1548382953854,7.55,2.05,-9.37
1,1548382953855,7.4,2.22,-10.27
1,1548382953937,7.03,2.44,-8.8
1,1548382953938,6.97,1.95,-8.45
1,1548382953939,7.32,0.91,-7.61
1,1548382953939,7.48,-0.17,-7.3
1,1548382953939,6.52,-0.99,-8.3
1,1548382953940,5.87,-0.97,-8.65
1,1548382953940,5.35,-0.11,-9.23
1,1548382953941,5.15,0.89,-10.19
1,1548382953997,5.37,1.46,-10.68
1,1548382953999,5.42,1.34,-9.98
1,1548382954000,5.56,1.05,-9.0
1,1548382954001,5.7,0.52,-8.22
1,1548382954003,5.91,-0.99,-6.79
1,1548382954004,5.48,-1.79,-6.83
1,1548382954005,4.86,-2.42,-7.46
1,1548382954067,4.33,-2.14,-8.22
1,1548382954068,3.86,-0.48,-9.31
1,1548382954095,4.23,0.91,-10.03
1,1548382954096,4.88,2.05,-9.94
1,1548382954096,5.23,2.1,-9.66
1,1548382954097,6.3,1.36,-7.94
1,1548382954097,6.83,1.73,-7.57
1,1548382954097,6.71,1.56,-7.42
1,1548382954146,6.19,0.8,-7.28
1,1548382954147,5.74,0.52,-7.4
1,1548382954147,5.85,0.83,-7.57
1,1548382954147,5.97,0.97,-7.91
1,1548382954147,6.05,0.82,-8.16
1,1548382954147,6.07,0.91,-7.92
1,1548382954148,6.09,0.87,-7.61
1,1548382954219,6.11,0.64,-7.34
1,1548382954220,5.8,0.29,-7.48
1,1548382954221,5.46,0.95,-8.32
1,1548382954221,5.83,1.38,-8.84
1,1548382954222,6.46,1.42,-8.94
1,1548382954222,6.67,1.19,-8.24
1,1548382954222,6.36,1.77,-7.36
1,1548382954223,6.66,2.14,-7.4
1,1548382954297,7.42,1.75,-9.45
1,1548382954300,7.5,0.64,-9.55
1,1548382954301,5.0,0.85,-8.1
1,1548382954302,4.92,1.77,-8.02
1,1548382954303,5.13,2.71,-8.06
1,1548382954303,4.68,2.89,-7.83
1,1548382954304,3.84,2.42,-7.26
1,1548382954372,3.8,2.81,-7.22
1,1548382954374,3.61,3.04,-7.08
1,1548382954377,3.26,2.22,-6.87
1,1548382954379,3.35,1.87,-6.95
1,1548382954380,3.16,2.46,-7.34
1,1548382954381,2.79,3.06,-7.71
1,1548382954383,2.94,3.51,-7.94
1,1548382954383,3.84,3.53,-8.18
1,1548382954443,3.49,3.33,-8.43
1,1548382954444,3.84,3.43,-8.39
1,1548382954445,4.14,3.14,-8.75
1,1548382954445,4.08,1.5,-9.94
1,1548382954446,5.07,1.09,-9.96
1,1548382954519,4.84,0.42,-9.58
1,1548382954521,4.21,-0.09,-9.04
1,1548382954524,2.91,-2.55,-6.81
1,1548382954524,3.78,-4.72,-4.14
1,1548382954525,5.09,-6.15,-2.14
1,1548382954525,5.82,-6.38,-0.99
1,1548382954526,7.26,-3.71,-1.71
1,1548382954526,7.08,-1.81,-2.4
1,1548382954594,6.58,-1.5,-2.94
1,1548382954595,7.01,-1.73,-3.35
1,1548382954595,7.71,-0.35,-2.73
1,1548382954596,9.0,1.89,-2.65
1,1548382954597,9.62,3.84,-2.53
1,1548382954597,10.76,5.82,-2.81
1,1548382954598,11.13,3.73,-5.15
1,1548382954599,9.76,-0.19,-1.6
1,1548382954670,8.69,-1.56,-1.3
1,1548382954671,8.63,-1.38,-0.97
1,1548382954672,9.04,-1.54,0.82
1,1548382954672,10.11,-1.71,0.89
1,1548382954673,11.25,-1.64,1.03
1,1548382954673,12.07,-1.23,1.01
1,1548382954698,13.08,0.35,0.23
1,1548382954699,13.12,1.46,-0.09
1,1548382954742,13.0,2.44,-0.41
1,1548382954742,13.02,3.16,-0.68
1,1548382954743,13.76,3.76,-1.15
1,1548382954762,14.45,4.12,-1.66
1,1548382954763,15.23,4.9,-2.22
1,1548382954764,15.8,5.97,-2.79
1,1548382954764,15.89,7.26,-3.18
1,1548382954764,14.57,8.94,-3.04
1,1548382954823,14.0,9.31,-2.4
1,1548382954846,13.92,9.39,-1.91
1,1548382954847,14.19,9.21,-2.01
1,1548382954847,14.98,7.87,-2.59
1,1548382954847,14.9,7.1,-3.16
1,1548382954848,14.58,6.3,-3.65
1,1548382954848,14.25,5.6,-4.14
1,1548382954848,13.96,4.19,-5.01
1,1548382954894,14.27,2.67,-4.39
1,1548382954895,14.64,2.44,-5.52
1,1548382954914,15.09,2.16,-5.7
1,1548382954914,15.05,1.64,-5.93
1,1548382954915,15.33,1.3,-5.41
1,1548382954915,15.23,0.87,-5.19
1,1548382954915,14.96,0.52,-4.84
1,1548382954976,14.06,0.21,-4.08
1,1548382954977,13.59,0.13,-3.75
1,1548382954978,13.06,0.15,-3.39
1,1548382954979,12.79,0.25,-3.14
1,1548382954979,12.57,0.52,-2.75
1,1548382954980,12.51,0.68,-2.63
1,1548382954980,12.32,0.78,-2.59
1,1548382954981,11.97,0.8,-2.57
1,1548382955046,11.19,1.03,-2.73
1,1548382955047,10.74,1.05,-2.96
1,1548382955047,10.37,1.09,-3.16
1,1548382955048,9.98,1.21,-3.43
1,1548382955049,9.25,1.34,-3.86
1,1548382955049,8.94,1.44,-4.06
1,1548382955050,8.71,1.48,-4.23
1,1548382955121,8.55,1.56,-4.33
1,1548382955122,8.43,1.75,-4.53
1,1548382955123,8.51,1.83,-4.57
1,1548382955124,8.61,1.93,-4.58
1,1548382955125,8.76,1.99,-4.6
1,1548382955128,9.23,2.18,-4.86
1,1548382955130,9.55,2.3,-5.0
1,1548382955130,9.74,2.44,-5.21
1,1548382955193,9.88,2.57,-5.46
1,1548382955217,9.98,2.79,-5.91
1,1548382955219,9.9,2.87,-6.05
1,1548382955219,9.88,2.92,-6.11
1,1548382955219,9.8,2.96,-6.11
1,1548382955220,9.58,2.98,-5.85
1,1548382955220,9.51,2.94,-5.68
1,1548382955270,9.53,2.91,-5.5
1,1548382955270,9.49,2.91,-5.25
1,1548382955271,9.49,2.69,-4.7
1,1548382955271,9.43,2.53,-4.57
1,1548382955271,9.45,2.42,-4.43
1,1548382955272,9.47,2.34,-4.37
1,1548382955272,9.64,2.36,-4.31
1,1548382955272,9.72,2.3,-4.29
1,1548382955348,9.8,2.24,-4.25
1,1548382955349,9.84,2.14,-4.19
1,1548382955350,9.96,1.85,-4.04
1,1548382955350,10.01,1.75,-3.94
1,1548382955350,10.11,1.64,-3.86
1,1548382955351,10.21,1.54,-3.8
1,1548382955351,10.35,1.38,-3.51
1,1548382955420,10.42,1.28,-3.39
1,1548382955421,10.54,1.19,-3.26
1,1548382955422,10.7,1.11,-3.12
1,1548382955422,10.99,1.03,-2.79
1,1548382955423,11.11,1.03,-2.61
1,1548382955435,11.19,1.03,-2.46
1,1548382955436,11.26,1.01,-2.26
1,1548382955437,11.75,0.97,-2.2
1,1548382955493,12.3,1.01,-2.12
1,1548382955493,12.87,1.15,-2.08
1,1548382955494,13.33,1.32,-2.03
1,1548382955494,13.35,1.91,-1.26
1,1548382955494,13.02,2.3,-0.41
1,1548382955494,12.55,2.57,0.56
1,1548382955495,12.22,2.75,1.19
1,1548382955574,12.16,2.79,1.4
1,1548382955577,12.24,2.59,1.79
1,1548382955578,12.18,2.4,1.91
1,1548382955579,12.12,2.14,1.89
1,1548382955580,11.99,1.73,3.41
1,1548382955581,11.95,1.79,4.45
1,1548382955582,11.99,1.97,5.33
1,1548382955583,12.18,2.34,5.89
1,1548382955649,12.69,2.61,5.7
1,1548382955650,13.04,1.75,5.6
1,1548382955650,13.59,0.01,5.54
1,1548382955651,14.16,-1.91,5.21
1,1548382955652,14.94,-4.82,4.86
1,1548382955653,15.11,-5.54,4.76
1,1548382955653,15.21,-5.87,4.51
1,1548382955720,15.23,-6.03,4.19
1,1548382955724,14.55,-5.46,3.51
1,1548382955725,13.94,-4.86,3.28
1,1548382955726,13.2,-4.19,3.2
1,1548382955726,12.59,-3.51,3.08
1,1548382955727,12.03,-1.83,2.61
1,1548382955727,11.93,-1.17,2.34
1,1548382955728,11.93,-0.72,2.14
1,1548382955794,11.95,-0.03,1.97
1,1548382955803,11.99,1.17,1.77
1,1548382955804,12.07,1.56,1.52
1,1548382955804,12.12,1.77,1.21
1,1548382955804,12.12,1.77,1.17
1,1548382955804,11.75,1.5,1.21
1,1548382955805,11.32,1.4,1.23
1,1548382955869,10.78,1.36,1.21
1,1548382955870,10.42,1.6,1.17
1,1548382955889,9.98,2.22,0.87
1,1548382955890,9.8,2.28,0.7
1,1548382955890,9.72,2.14,0.58
1,1548382955890,9.7,1.87,0.35
1,1548382955891,9.19,1.11,-0.87
1,1548382955891,8.71,0.87,-1.01
1,1548382955947,8.37,0.8,-1.23
1,1548382955948,8.18,0.8,-1.36
1,1548382955948,8.1,1.19,-1.48
1,1548382955949,8.1,1.42,-1.58
1,1548382955949,8.1,1.62,-1.66
1,1548382955950,8.06,1.73,-1.79
1,1548382955950,7.89,1.91,-2.03
1,1548382956020,7.81,1.99,-2.14
1,1548382956021,7.79,2.1,-2.22
1,1548382956023,7.71,2.22,-2.28
1,1548382956024,7.59,2.38,-2.53
1,1548382956024,7.51,2.32,-2.61
1,1548382956025,7.48,2.22,-2.61
1,1548382956026,7.48,2.1,-2.65
1,1548382956027,7.4,1.85,-2.61
1,1548382956093,7.34,1.83,-2.57
1,1548382956094,7.2,1.81,-2.48
1,1548382956094,7.08,1.79,-2.42
1,1548382956095,6.87,1.66,-1.99
1,1548382956170,7.01,1.64,-1.83
1,1548382956193,7.32,1.6,-1.71
1,1548382956193,7.67,1.62,-1.69
1,1548382956194,7.92,1.69,-1.52
1,1548382956194,7.87,1.77,-1.23
1,1548382956194,7.79,1.85,-0.97
1,1548382956195,7.87,1.87,-0.95
1,1548382956195,8.08,1.95,-1.01
1,1548382956243,8.12,1.99,-0.93
1,1548382956244,8.12,2.01,-0.66
1,1548382956244,8.16,2.08,-0.42
1,1548382956244,8.78,2.24,-0.35
1,1548382956244,9.17,2.26,-0.54
1,1548382956245,9.51,2.2,-0.7
1,1548382956245,9.72,2.16,-0.64
1,1548382956245,10.13,2.3,-0.83
1,1548382956318,10.42,2.5,-0.62
1,1548382956320,11.21,3.32,-0.62
1,1548382956320,11.66,3.8,-0.52
1,1548382956320,12.16,4.88,0.09
1,1548382956321,12.28,5.48,0.48
1,1548382956321,12.38,6.13,0.93
1,1548382956321,12.65,7.2,1.3
1,1548382956322,12.67,7.57,1.4
1,1548382956393,12.63,7.79,1.36
1,1548382956407,12.61,7.79,1.25
1,1548382956407,13.57,7.48,1.21
1,1548382956408,14.78,7.36,1.21
1,1548382956410,16.3,7.38,1.15
1,1548382956410,17.5,7.36,0.7
1,1548382956412,18.47,6.05,0.09
1,1548382956412,18.75,5.82,0.23
1,1548382956560,18.61,5.29,-0.05
1,1548382956561,18.45,4.29,-0.17
1,1548382956562,18.1,3.08,-0.39
1,1548382956562,16.85,0.72,-0.52
1,1548382956562,16.13,-0.11,-0.54
1,1548382956622,15.68,-0.56,-0.72
1,1548382956623,15.5,-0.66,-1.15
1,1548382956623,15.82,-0.64,-2.18
1,1548382956624,15.99,-0.7,-2.61
1,1548382956625,16.01,-0.91,-2.81
1,1548382956626,14.82,0.93,-0.95
1,1548382956626,14.88,1.11,-0.76
1,1548382956627,14.84,1.19,-0.52
1,1548382956693,14.7,1.19,-0.25
1,1548382956694,14.17,1.75,-0.46
1,1548382956694,14.06,1.56,-1.28
1,1548382956694,13.98,1.25,-1.64
1,1548382956694,13.75,0.99,-2.07
1,1548382956695,13.57,0.85,-2.53
1,1548382956695,13.2,0.68,-3.16
1,1548382956695,12.85,0.7,-3.41
1,1548382956771,12.51,0.76,-3.57
1,1548382956794,12.14,0.78,-3.71
1,1548382956795,11.19,0.83,-3.69
1,1548382956796,10.64,0.85,-3.57
1,1548382956796,10.09,0.83,-3.43
1,1548382956797,9.6,0.85,-3.18
1,1548382956798,8.86,0.85,-2.63
1,1548382956799,8.67,0.78,-2.44
1,1548382956853,8.43,0.66,-2.26
1,1548382956854,8.1,0.52,-2.1
1,1548382956854,7.42,0.29,-1.91
1,1548382956854,7.1,0.21,-1.81
1,1548382956855,6.83,0.19,-1.77
1,1548382956855,6.6,0.15,-1.71
1,1548382956855,6.23,0.05,-1.75
1,1548382956856,6.11,0.01,-1.73
1,1548382956917,5.93,0.01,-1.75
1,1548382956928,5.78,0.0,-1.75
1,1548382956929,5.56,0.13,-1.81
1,1548382956929,5.44,0.15,-1.85
1,1548382956929,5.35,0.21,-1.83
1,1548382956929,5.29,0.21,-1.83
1,1548382956929,5.17,0.25,-1.79
1,1548382956994,5.11,0.29,-1.81
1,1548382956995,5.15,0.35,-1.77
1,1548382956996,5.23,0.42,-1.75
1,1548382956996,5.42,0.56,-1.69
1,1548382956996,5.52,0.62,-1.71
1,1548382956996,5.64,0.66,-1.67
1,1548382956997,5.82,0.66,-1.69
1,1548382956997,6.3,0.64,-1.79
1,1548382957069,6.67,0.56,-1.81
1,1548382957070,7.08,0.54,-1.83
1,1548382957070,7.53,0.46,-1.89
1,1548382957070,8.61,0.42,-2.08
1,1548382957080,9.23,0.44,-2.18
1,1548382957080,9.92,0.41,-2.32
1,1548382957081,10.56,0.33,-2.51
1,1548382957146,12.18,0.27,-3.06
1,1548382957170,13.39,-0.27,-3.3
1,1548382957172,14.45,-0.03,-3.43
1,1548382957173,15.52,0.64,-3.84
1,1548382957174,18.37,1.19,-4.7
1,1548382957175,20.23,1.36,-4.98
1,1548382957175,22.12,1.64,-5.31
1,1548382957176,23.82,2.24,-5.62
1,1548382957220,26.07,4.04,-6.05
1,1548382957221,26.25,5.21,-6.19
1,1548382957222,25.8,6.23,-5.97
1,1548382957222,24.55,6.97,-5.25
1,1548382957223,20.52,7.77,-3.26
1,1548382957223,18.14,8.3,-1.93
1,1548382957224,16.09,8.9,-1.03
1,1548382957297,14.53,9.23,-0.07
1,1548382957299,11.91,8.75,0.95
1,1548382957300,10.95,8.0,1.11
1,1548382957302,10.25,6.97,1.13
1,1548382957303,10.0,5.68,1.69
1,1548382957304,10.41,3.61,1.05
1,1548382957305,11.26,3.67,1.67
1,1548382957306,10.76,4.72,1.64
1,1548382957372,10.42,2.57,1.03
1,1548382957402,11.19,-2.69,2.22
1,1548382957403,11.32,-4.27,3.57
1,1548382957403,11.56,-5.11,4.02
1,1548382957403,11.46,-4.17,3.57
1,1548382957404,11.54,-1.4,2.98
1,1548382957404,11.46,-1.32,2.96
1,1548382957444,11.09,-1.89,3.24
1,1548382957446,10.64,-2.55,3.16
1,1548382957446,9.64,-2.51,2.28
1,1548382957447,9.45,-2.01,1.83
1,1548382957448,9.14,-1.54,1.19
1,1548382957448,8.92,-0.87,1.17
1,1548382957449,7.83,0.0,0.6
1,1548382957450,7.65,0.15,0.29
1,1548382957520,7.63,0.15,0.33
1,1548382957521,8.04,0.37,0.29
1,1548382957522,9.47,0.29,1.13
1,1548382957534,9.72,-0.29,1.34
1,1548382957535,9.72,-0.58,1.44
1,1548382957535,9.55,-0.76,1.19
1,1548382957535,9.25,-0.82,0.13
1,1548382957594,9.72,-1.21,-0.31
1,1548382957617,9.9,-1.58,1.34
1,1548382957618,9.88,-2.08,0.78
1,1548382957618,10.29,-1.52,-0.17
1,1548382957618,10.39,-0.21,-1.36
1,1548382957618,10.66,0.89,-1.79
1,1548382957618,10.52,1.23,-2.16
1,1548382957619,10.41,1.07,-2.46
1,1548382957673,10.82,0.48,-2.03
1,1548382957673,11.13,-0.64,-1.52
1,1548382957673,11.01,-1.34,-0.91
1,1548382957674,10.41,-1.5,-0.17
1,1548382957685,8.98,-0.97,-0.74
1,1548382957685,8.59,-0.21,-1.28
1,1548382957685,8.53,0.97,-1.75
1,1548382957743,8.26,2.12,-2.08
1,1548382957752,8.47,2.32,-2.48
1,1548382957754,8.71,2.71,-3.49
1,1548382957754,9.23,3.53,-4.37
1,1548382957755,11.62,5.27,-5.35
1,1548382957755,12.83,5.46,-5.74
1,1548382957756,13.59,5.17,-6.11
1,1548382957756,13.96,4.66,-6.25
1,1548382957824,13.92,3.1,-6.58
1,1548382957825,13.63,2.71,-6.25
1,1548382957825,13.1,3.02,-5.76
1,1548382957825,12.42,3.73,-5.72
1,1548382957825,10.93,4.45,-6.32
1,1548382957825,10.46,3.71,-5.99
1,1548382957825,10.03,2.71,-6.15
1,1548382957897,9.68,2.14,-6.56
1,1548382957899,10.09,2.96,-7.46
1,1548382957900,10.39,3.18,-7.18
1,1548382957901,10.31,1.52,-5.87
1,1548382957903,10.15,-0.15,-4.66
1,1548382957905,10.01,0.93,-4.04
1,1548382957906,9.6,0.95,-3.92
1,1548382957907,9.31,0.13,-3.59
1,1548382957974,9.45,-0.8,-2.85
1,1548382957976,9.9,-0.99,-1.79
1,1548382957977,9.86,-0.58,-1.32
1,1548382957978,9.88,-0.6,-1.03
1,1548382957979,9.82,-0.97,-0.83
1,1548382957980,9.6,-1.36,-0.07
1,1548382957982,9.7,-0.54,0.03
1,1548382958043,10.03,0.72,-0.09
1,1548382958055,10.25,1.38,0.17
1,1548382958056,10.05,2.2,0.44
1,1548382958056,9.76,2.42,0.46
1,1548382958056,9.29,1.79,0.68
1,1548382958056,8.82,1.01,0.99
1,1548382958056,7.98,0.25,1.17
1,1548382958057,7.63,0.03,1.21
1,1548382958119,7.14,-0.01,1.19
1,1548382958139,6.67,0.23,0.97
1,1548382958139,6.56,0.6,0.76
1,1548382958139,6.87,1.32,0.15
1,1548382958139,7.01,1.85,-0.03
1,1548382958140,7.01,2.51,-0.11
1,1548382958140,7.14,3.51,-0.25
1,1548382958193,7.2,3.32,-0.27
1,1548382958206,7.26,2.96,-0.46
1,1548382958206,7.53,3.02,-1.05
1,1548382958206,8.02,3.61,-1.73
1,1548382958207,8.94,4.66,-1.62
1,1548382958207,9.17,5.03,-1.17
1,1548382958207,8.9,5.11,-0.56
1,1548382958207,8.22,3.84,0.52
1,1548382958269,8.69,3.49,0.48
1,1548382958269,9.19,3.22,0.48
1,1548382958270,9.66,2.83,0.29
1,1548382958270,9.27,2.3,0.09
1,1548382958271,8.9,1.73,-0.21
1,1548382958271,8.69,1.36,-0.68
1,1548382958271,8.59,1.23,-1.66
1,1548382958346,8.59,0.83,-2.4
1,1548382958347,9.27,-0.93,-3.0
1,1548382958349,10.21,-0.66,-4.02
1,1548382958349,11.52,0.99,-5.44
1,1548382958349,12.81,2.42,-6.15
1,1548382958350,14.6,2.42,-6.64
1,1548382958350,14.76,2.83,-6.81
1,1548382958353,14.96,3.86,-7.01
1,1548382958421,15.13,5.31,-6.64
1,1548382958439,15.25,7.91,-4.9
1,1548382958440,15.21,8.2,-3.8
1,1548382958441,15.19,7.83,-2.2
1,1548382958441,14.7,7.2,-0.93
1,1548382958442,13.61,4.21,1.09
1,1548382958442,12.87,1.46,2.12
1,1548382958495,12.46,-1.54,3.0
1,1548382958495,12.18,-4.37,3.35
1,1548382958507,11.07,-7.51,1.17
1,1548382958508,10.31,-6.79,-0.46
1,1548382958508,9.84,-4.45,-2.08
1,1548382958509,9.16,-1.44,-2.69
1,1548382958509,8.18,3.45,-2.83
1,1548382958510,8.1,5.01,-3.26
1,1548382958574,7.92,5.48,-3.22
1,1548382958575,7.36,4.78,-2.46
1,1548382958576,5.76,1.36,-1.64
1,1548382958576,5.09,0.33,-1.56
1,1548382958577,3.65,-0.19,-1.73
1,1548382958577,3.02,0.74,-1.97
1,1548382958577,2.18,3.04,-1.77
1,1548382958646,2.22,3.73,-1.62
1,1548382958650,2.51,3.92,-0.95
1,1548382958652,2.91,3.59,-0.6
1,1548382958654,3.37,2.51,-0.76
1,1548382958655,3.76,2.38,-1.4
1,1548382958656,4.51,2.61,-1.77
1,1548382958657,5.5,3.02,-1.66
1,1548382958660,7.5,3.59,-1.81
1,1548382958717,8.35,3.51,-2.16
1,1548382958718,8.92,3.22,-2.71
1,1548382958719,9.23,2.73,-3.28
1,1548382958731,9.64,1.5,-4.17
1,1548382958732,9.96,0.78,-4.33
1,1548382958733,10.05,0.03,-4.19
1,1548382958733,10.85,-0.41,-4.23
1,1548382958794,12.83,-1.21,-4.16
1,1548382958795,12.77,-1.77,-3.76
1,1548382958795,12.42,-2.07,-3.3
1,1548382958795,11.48,-1.67,-3.02
1,1548382958796,11.03,-0.11,-2.91
1,1548382958796,11.4,0.41,-3.08
1,1548382958796,11.6,0.39,-3.0
1,1548382958797,11.4,0.05,-2.94
1,1548382958869,10.56,0.13,-3.02
1,1548382958870,10.07,0.56,-2.85
1,1548382958871,9.76,0.85,-3.1
1,1548382958872,9.29,0.91,-3.65
1,1548382958872,8.82,1.03,-3.86
1,1548382958873,8.53,1.21,-3.49
1,1548382958873,8.18,1.66,-3.02
1,1548382958946,7.85,2.18,-2.81
1,1548382958947,8.0,3.2,-2.16
1,1548382958947,8.16,3.59,-2.2
1,1548382958948,8.14,4.04,-2.59
1,1548382958948,7.87,4.55,-2.91
1,1548382958949,7.36,4.45,-2.61
1,1548382958949,7.57,3.98,-2.4
1,1548382958949,7.53,3.49,-2.24
1,1548382959023,7.5,3.22,-2.36
1,1548382959025,7.83,2.87,-2.44
1,1548382959027,7.85,2.28,-2.5
1,1548382959028,7.75,1.64,-2.34
1,1548382959029,7.79,1.23,-2.16
1,1548382959030,8.57,1.26,-2.75
1,1548382959031,8.88,1.5,-3.02
1,1548382959095,8.82,1.6,-3.1
1,1548382959096,8.69,1.46,-2.83
1,1548382959113,8.84,0.5,-2.24
1,1548382959114,9.02,0.33,-2.14
1,1548382959115,9.19,0.93,-2.26
1,1548382959115,8.94,2.14,-2.53
1,1548382959115,11.07,4.1,-2.96
1,1548382959116,11.13,4.39,-3.08
1,1548382959174,10.0,4.86,-3.1
1,1548382959175,9.9,5.0,-2.92
1,1548382959176,8.94,4.45,-2.2
1,1548382959176,8.18,3.55,-2.01
1,1548382959177,8.35,2.65,-2.01
1,1548382959178,8.45,2.16,-2.24
1,1548382959178,8.33,2.36,-2.65
1,1548382959245,8.39,2.42,-2.67
1,1548382959247,8.55,2.59,-2.79
1,1548382959247,8.53,2.98,-2.87
1,1548382959265,8.63,4.27,-2.75
1,1548382959266,9.08,4.6,-2.73
1,1548382959266,8.88,4.98,-2.67
1,1548382959267,8.82,5.17,-2.44
1,1548382959267,8.86,4.25,-1.83
1,1548382959320,9.06,3.92,-1.85
1,1548382959321,9.08,3.8,-1.91
1,1548382959322,8.8,3.69,-1.69
1,1548382959322,8.51,3.65,-1.4
1,1548382959323,8.37,3.82,-1.28
1,1548382959324,8.04,3.92,-1.13
1,1548382959325,8.16,3.96,-1.15
1,1548382959394,8.71,4.78,-1.3
1,1548382959395,8.55,5.07,-1.25
1,1548382959396,8.33,4.9,-1.19
1,1548382959396,8.28,4.58,-1.09
1,1548382959397,8.65,4.53,-1.07
1,1548382959397,8.57,5.0,-1.03
1,1548382959398,8.32,4.88,-0.87
1,1548382959399,8.18,4.25,-0.74
1,1548382959473,7.98,4.12,-0.6
1,1548382959475,7.89,4.12,-0.41
1,1548382959475,7.81,4.21,-0.19
1,1548382959476,7.73,4.41,0.0
1,1548382959476,7.87,5.0,0.41
1,1548382959477,7.73,5.48,0.58
1,1548382959477,7.61,5.44,0.68
1,1548382959546,7.44,4.88,0.76
1,1548382959546,7.32,4.72,0.8
1,1548382959547,7.08,4.78,0.87
1,1548382959547,6.87,4.27,1.09
1,1548382959548,6.58,3.57,1.23
1,1548382959548,5.85,4.02,1.23
1,1548382959549,5.54,4.25,1.32
1,1548382959549,5.58,3.98,1.34
1,1548382959622,6.28,3.43,1.42
1,1548382959646,10.11,2.46,2.59
1,1548382959646,12.28,3.98,4.7
1,1548382959647,13.96,8.51,7.4
1,1548382959647,14.12,15.41,11.44
1,1548382959647,9.43,22.2,12.73
1,1548382959648,11.05,20.6,23.22
1,1548382959694,10.8,18.57,4.35
1,1548382959695,10.13,16.54,6.34
1,1548382959777,8.86,8.22,3.35
1,1548382959778,9.19,7.75,3.65
1,1548382959779,8.73,7.51,4.25
1,1548382959779,7.36,6.64,4.96
1,1548382959780,4.57,4.39,6.46
1,1548382959781,3.49,3.47,6.73
1,1548382959781,0.62,2.59,7.5
1,1548382959782,1.01,2.65,8.82
1,1548382959851,0.76,3.82,8.35
1,1548382959852,1.38,4.49,7.91
1,1548382959853,2.1,2.48,4.76
1,1548382959854,2.51,1.69,4.23
1,1548382959855,1.89,2.26,4.51
1,1548382959855,2.79,7.63,5.05
1,1548382959855,3.51,8.1,5.46
1,1548382959856,3.57,7.67,5.93
1,1548382959919,3.41,7.16,6.71
1,1548382959919,2.83,7.1,7.94
1,1548382959920,3.22,7.61,8.45
1,1548382959920,4.12,8.12,8.67
1,1548382959920,4.7,8.2,8.37
1,1548382959920,4.53,6.73,8.04
1,1548382959921,4.74,6.05,7.44
1,1548382959921,4.33,6.09,6.85
1,1548382959994,4.58,6.56,6.52
1,1548382959995,5.6,7.07,5.68
1,1548382960001,5.62,6.54,5.72
1,1548382960002,5.23,5.76,6.64
1,1548382960002,4.51,5.09,6.66
1,1548382960002,4.57,4.0,7.3
1,1548382960002,4.68,3.84,7.73
1,1548382960003,4.57,4.0,7.79
1,1548382960066,4.41,4.41,7.85
1,1548382960067,4.55,4.9,8.0
1,1548382960067,5.82,5.39,7.36
1,1548382960068,5.74,5.29,6.67
1,1548382960068,5.5,4.82,6.54
1,1548382960068,4.92,4.29,6.52
1,1548382960069,3.86,3.88,6.42
1,1548382960069,3.53,4.12,6.34
1,1548382960143,3.41,4.47,6.83
1,1548382960145,3.49,4.7,7.57
1,1548382960146,3.53,5.54,7.83
1,1548382960146,3.39,5.83,7.63
1,1548382960146,3.35,5.95,7.18
1,1548382960147,3.32,5.97,6.79
1,1548382960147,2.98,5.72,6.42
1,1548382960148,2.79,5.37,6.34
1,1548382960301,2.69,4.96,6.5
1,1548382960302,2.87,4.41,6.85
1,1548382960329,3.63,3.88,7.51
1,1548382960330,3.86,4.17,7.5
1,1548382960331,3.98,4.64,7.4
1,1548382960379,3.84,5.07,7.4
1,1548382960380,3.55,5.54,7.42
1,1548382960380,3.76,5.52,7.38
1,1548382960380,4.23,5.33,7.34
1,1548382960381,4.68,5.0,7.07
1,1548382960381,6.83,4.74,6.83
1,1548382960381,6.89,5.23,7.07
1,1548382960382,6.73,5.35,7.12
1,1548382960447,6.23,4.88,7.08
1,1548382960447,5.07,5.89,5.11
1,1548382960448,4.92,6.07,5.01
1,1548382960456,4.76,6.26,5.19
1,1548382960456,4.57,6.46,5.09
1,1548382960457,4.37,7.28,4.94
1,1548382960457,4.47,7.61,4.98
1,1548382960457,4.7,7.63,4.88
1,1548382960521,4.9,7.65,4.74
1,1548382960521,4.96,7.79,4.64
1,1548382960522,4.84,7.67,5.07
1,1548382960522,4.76,7.4,5.03
1,1548382960522,5.0,7.22,5.19
1,1548382960523,5.62,6.67,5.5
1,1548382960539,5.8,6.34,5.7
1,1548382960539,5.87,6.07,5.99
1,1548382960595,5.76,5.76,6.23
1,1548382960597,5.42,5.19,6.52
1,1548382960598,5.35,5.05,6.89
1,1548382960598,5.46,5.13,7.24
1,1548382960599,5.62,5.25,7.53
1,1548382960600,5.78,4.94,8.04
1,1548382960601,5.85,4.88,8.16
1,1548382960601,5.83,4.86,8.35
1,1548382960673,5.52,5.03,8.22
1,1548382960675,5.11,5.31,8.14
1,1548382960676,5.05,5.07,8.3
1,1548382960691,4.92,4.7,8.49
1,1548382960691,4.76,4.43,8.71
1,1548382960692,4.74,4.17,8.84
1,1548382960692,4.8,4.53,8.69
1,1548382960743,4.8,5.07,8.33
1,1548382960824,4.74,5.72,7.91
1,1548382960825,4.39,6.83,7.67
1,1548382960825,4.04,7.1,7.67
1,1548382960825,3.88,7.4,7.5
1,1548382960825,3.69,7.75,7.18
1,1548382960826,3.02,7.94,7.14
1,1548382960826,2.48,7.69,7.34
1,1548382960827,2.12,7.38,7.59
1,1548382960896,1.71,7.07,7.96
1,1548382960896,1.89,6.89,8.26
1,1548382960897,1.36,6.07,9.53
1,1548382960897,1.21,5.74,9.41
1,1548382960897,1.07,5.7,9.08
1,1548382960897,1.09,6.48,8.18
1,1548382960898,0.8,6.85,7.44
1,1548382960898,0.66,7.01,7.63
1,1548382960972,0.66,6.83,7.4
1,1548382960973,0.41,5.8,7.63
1,1548382960973,0.33,5.44,7.85
1,1548382960973,0.13,5.19,7.94
1,1548382960973,-0.09,4.86,7.91
1,1548382960974,-0.56,4.41,7.48
1,1548382960974,-0.8,4.53,7.18
1,1548382960974,-1.01,4.68,6.93
1,1548382961045,-1.21,4.72,6.81
1,1548382961046,-1.64,4.33,6.73
1,1548382961046,-1.79,4.14,6.69
1,1548382961046,-2.01,4.0,6.64
1,1548382961047,-2.16,3.92,6.44
1,1548382961047,-2.36,3.84,6.13
1,1548382961047,-2.4,3.71,6.03
1,1548382961048,-2.48,3.43,5.87
1,1548382961126,-2.61,3.1,5.76
1,1548382961127,-2.96,2.36,5.64
1,1548382961127,-3.12,2.14,5.62
1,1548382961127,-3.3,2.08,5.66
1,1548382961128,-3.41,2.01,5.8
1,1548382961128,-3.45,1.67,5.82
1,1548382961128,-3.35,1.56,5.83
1,1548382961129,-3.26,1.44,5.87
1,1548382961194,-3.24,1.48,5.82
1,1548382961194,-3.2,1.66,5.93
1,1548382961195,-3.12,1.69,6.03
1,1548382961195,-3.04,1.66,6.11
1,1548382961195,-2.98,1.56,6.21
1,1548382961195,-2.91,1.23,6.6
1,1548382961196,-2.85,1.17,6.91
1,1548382961269,-2.83,1.32,7.26
1,1548382961270,-2.89,1.62,7.48
1,1548382961270,-3.14,1.89,7.96
1,1548382961271,-3.28,1.79,8.3
1,1548382961271,-3.47,1.64,8.28
1,1548382961343,-3.73,1.42,8.24
1,1548382961362,-4.29,1.19,8.06
1,1548382961363,-4.53,1.21,7.92
1,1548382961363,-4.8,1.26,7.96
1,1548382961363,-5.03,1.42,7.94
1,1548382961364,-5.37,1.71,8.33
1,1548382961364,-5.54,1.75,8.55
1,1548382961364,-5.72,1.77,8.84
1,1548382961423,-5.83,1.81,9.16
1,1548382961455,-5.85,1.73,9.7
1,1548382961456,-5.74,1.52,9.64
1,1548382961456,-5.56,1.17,9.64
1,1548382961456,-5.48,0.89,9.49
1,1548382961456,-5.13,1.01,9.27
1,1548382961457,-4.94,1.62,8.84
1,1548382961457,-4.74,2.14,8.59
1,1548382961505,-4.68,2.28,8.32
1,1548382961505,-5.01,1.83,7.94
1,1548382961505,-5.17,1.73,7.96
1,1548382961505,-5.31,1.87,7.65
1,1548382961506,-6.05,2.61,7.71
1,1548382961523,-6.11,2.32,7.34
1,1548382961524,-6.23,1.89,7.4
1,1548382961524,-6.44,1.87,7.26
1,1548382961570,-6.54,2.69,6.99
1,1548382961581,-6.4,2.57,7.51
1,1548382961581,-6.21,1.73,8.86
1,1548382961582,-6.11,0.72,10.03
1,1548382961582,-5.17,0.25,11.21
1,1548382961582,-4.8,0.56,11.46
1,1548382961582,-4.55,0.42,11.46
1,1548382961582,-4.55,-0.17,11.56
1,1548382961645,-5.25,-1.19,10.99
1,1548382961646,-5.7,-1.03,10.46
1,1548382961646,-6.21,0.11,9.72
1,1548382961666,-6.54,2.01,8.88
1,1548382961667,-6.58,3.73,7.81
1,1548382961667,-6.34,2.65,8.06
1,1548382961667,-5.93,0.54,8.73
1,1548382961667,-5.66,-1.4,9.23
1,1548382961731,-6.19,-3.16,9.29
1,1548382961732,-6.58,-3.08,9.25
1,1548382961732,-6.93,-2.44,9.16
1,1548382961732,-7.01,-1.46,9.17
1,1548382961732,-5.89,-0.19,9.43
1,1548382961732,-5.37,0.23,9.64
1,1548382961733,-4.92,0.01,9.9
1,1548382961794,-4.68,-0.33,9.98
1,1548382961795,-4.76,-1.42,10.29
1,1548382961795,-4.98,-1.95,10.46
1,1548382961796,-5.25,-2.44,10.58
1,1548382961822,-5.39,-2.67,10.37
1,1548382961823,-5.62,-2.32,9.84
1,1548382961823,-5.76,-1.87,9.68
1,1548382961900,-5.93,-1.4,9.31
1,1548382961901,-6.05,-1.19,8.96
1,1548382961901,-6.5,-1.05,8.14
1,1548382961901,-6.42,-1.11,8.18
1,1548382961902,-6.4,-1.3,8.1
1,1548382961902,-6.42,-1.5,8.12
1,1548382961902,-6.69,-1.44,7.89
1,1548382961902,-6.91,-1.3,8.06
1,1548382961943,-7.1,-1.15,8.16
1,1548382961951,-7.14,-1.07,7.85
1,1548382961951,-7.05,-0.76,7.5
1,1548382961952,-6.75,-0.17,6.6
1,1548382961952,-6.81,-0.17,6.34
1,1548382961952,-6.87,-0.64,6.42
1,1548382961953,-7.01,-1.17,6.58
1,1548382962037,-7.24,-1.71,7.36
1,1548382962038,-7.01,-2.4,8.28
1,1548382962039,-7.08,-2.53,8.3
1,1548382962040,-7.07,-2.12,8.14
1,1548382962040,-6.85,-1.36,8.28
1,1548382962041,-6.75,-1.32,8.37
1,1548382962042,-6.77,-1.4,8.49
1,1548382962043,-6.83,-1.46,8.53
1,1548382962109,-6.75,-1.5,8.57
1,1548382962110,-6.67,-1.77,8.55
1,1548382962110,-6.6,-1.97,8.63
1,1548382962111,-6.62,-1.93,8.76
1,1548382962112,-6.91,-1.15,8.78
1,1548382962112,-6.91,-1.05,8.76
1,1548382962112,-6.69,-1.03,8.76
1,1548382962113,-6.42,-1.17,8.9
1,1548382962170,-6.23,-2.03,8.88
1,1548382962172,-6.21,-2.75,8.53
1,1548382962172,-6.05,-3.32,8.39
1,1548382962173,-5.87,-3.41,8.41
1,1548382962173,-5.8,-2.01,8.33
1,1548382962174,-5.89,-1.17,8.14
1,1548382962175,-6.05,-0.95,7.94
1,1548382962243,-6.26,-0.95,7.83
1,1548382962244,-6.56,-2.07,8.02
1,1548382962339,-6.62,-3.04,8.14
1,1548382962340,-6.64,-3.65,8.16
1,1548382962341,-6.64,-3.9,8.24
1,1548382962343,-6.56,-3.45,8.18
1,1548382962343,-6.48,-3.12,8.14
1,1548382962344,-6.34,-2.69,8.24
1,1548382962345,-6.19,-2.22,8.49
1,1548382962346,-5.66,-1.66,8.96
1,1548382962403,-5.54,-1.32,9.04
1,1548382962403,-5.56,-1.23,9.06
1,1548382962404,-6.56,-3.55,8.55
1,1548382962404,-6.75,-3.75,8.16
1,1548382962404,-6.71,-3.0,7.63
1,1548382962405,-6.69,-1.46,7.24
1,1548382962405,-6.69,-1.07,7.3
1,1548382962405,-6.77,-1.01,7.4
1,1548382962469,-7.01,-1.28,7.61
1,1548382962470,-7.16,-1.83,7.71
1,1548382962485,-7.34,-2.44,7.87
1,1548382962486,-7.48,-2.83,8.04
1,1548382962486,-7.57,-2.73,7.98
1,1548382962487,-7.5,-2.22,7.85
1,1548382962488,-7.26,-1.62,7.61
1,1548382962489,-7.01,-1.21,7.34
1,1548382962546,-6.56,-1.17,7.1
1,1548382962547,-6.48,-1.56,7.16
1,1548382962547,-6.48,-2.16,7.18
1,1548382962548,-6.52,-2.73,7.32
1,1548382962548,-6.56,-3.26,7.38
1,1548382962549,-6.52,-3.33,7.14
1,1548382962549,-6.44,-3.39,6.85
1,1548382962550,-6.36,-3.43,6.67
1,1548382962641,-6.38,-3.57,6.25
1,1548382962642,-6.56,-3.71,6.13
1,1548382962642,-6.73,-3.76,6.15
1,1548382962643,-6.87,-3.71,5.97
1,1548382962644,-7.01,-4.04,5.29
1,1548382962644,-7.08,-4.53,4.96
1,1548382962645,-7.24,-5.05,4.78
1,1548382962646,-7.46,-5.52,4.72
1,1548382962697,-7.98,-5.87,4.47
1,1548382962698,-8.14,-6.09,4.39
1,1548382962699,-8.26,-6.19,4.37
1,1548382962699,-8.32,-6.21,4.29
1,1548382962700,-8.35,-5.83,3.98
1,1548382962701,-8.37,-5.62,3.9
1,1548382962701,-8.43,-5.5,3.94
1,1548382962702,-8.41,-5.42,3.9
1,1548382962773,-8.28,-5.66,3.63
1,1548382962775,-8.1,-5.95,3.59
1,1548382962776,-7.98,-6.23,3.59
1,1548382962776,-7.89,-6.5,3.39
1,1548382962777,-7.48,-6.64,3.04
1,1548382962848,-7.32,-6.58,2.87
1,1548382962850,-7.14,-6.48,3.49
1,1548382962851,-7.05,-6.52,2.07
1,1548382962852,-6.91,-6.48,2.3
1,1548382962853,-7.22,-7.12,2.36
1,1548382962854,-7.16,-7.18,1.95
1,1548382962855,-7.12,-7.42,1.87
1,1548382962856,-7.1,-7.67,1.5
1,1548382962944,-7.05,-7.63,1.26
1,1548382962946,-6.85,-7.55,1.25
1,1548382962946,-6.73,-7.53,1.23
1,1548382962947,-6.71,-7.89,1.23
1,1548382962948,-6.83,-8.14,1.23
1,1548382962949,-7.01,-8.39,1.23
1,1548382962949,-7.12,-8.53,1.3
1,1548382962950,-6.97,-8.63,1.26
1,1548382962998,-6.85,-8.78,1.15
1,1548382962999,-6.81,-8.94,1.03
1,1548382963000,-6.75,-9.04,1.05
1,1548382963000,-6.67,-9.31,1.19
1,1548382963001,-6.69,-9.35,1.26
1,1548382963002,-6.83,-9.39,1.54
1,1548382963002,-7.18,-9.49,1.83
1,1548382963071,-7.46,-9.88,2.59
1,1548382963072,-7.34,-9.9,2.69
1,1548382963073,-7.1,-9.64,2.5
1,1548382963073,-7.03,-9.27,2.57
1,1548382963074,-7.5,-8.61,3.06
1,1548382963074,-7.75,-8.41,3.59
1,1548382963075,-7.79,-8.24,4.06
1,1548382963075,-7.55,-7.85,4.08
1,1548382963147,-5.64,-6.3,3.49
1,1548382963149,-4.45,-5.78,3.22
1,1548382963151,-3.49,-5.68,3.06
1,1548382963152,-3.02,-5.99,2.85
1,1548382963153,-3.37,-7.3,2.2
1,1548382963153,-3.76,-7.96,1.36
1,1548382963154,-4.0,-8.45,0.89
1,1548382963155,-4.0,-8.49,0.15
1,1548382963220,-3.24,-7.69,-0.99
1,1548382963246,-2.1,-7.32,-1.71
1,1548382963247,-1.46,-7.38,-2.07
1,1548382963248,-0.66,-7.32,-1.26
1,1548382963249,0.56,-6.99,-1.09
1,1548382963249,1.4,-6.4,-1.48
1,1548382963249,2.57,-5.99,-2.01
1,1548382963250,3.57,-5.89,-2.51
1,1548382963295,4.17,-7.63,-2.69
1,1548382963296,3.22,-9.16,-2.34
1,1548382963297,1.32,-10.76,-2.05
1,1548382963309,-0.83,-12.36,-1.95
1,1548382963310,-5.44,-13.82,-2.05
1,1548382963310,-6.75,-13.82,-2.03
1,1548382963311,-8.0,-13.9,-0.76
1,1548382963367,-9.6,-13.94,-0.56
1,1548382963367,-10.46,-14.0,-0.23
1,1548382963368,-9.57,-14.45,-0.23
1,1548382963369,-8.37,-15.01,-0.11
1,1548382963369,-7.32,-15.54,-0.19
1,1548382963369,-7.03,-16.03,-0.39
1,1548382963370,-7.77,-15.83,-0.52
1,1548382963370,-8.53,-15.41,-0.76
1,1548382963448,-9.06,-14.74,-0.91
1,1548382963450,-9.37,-13.06,-0.64
1,1548382963451,-9.19,-12.3,-0.39
1,1548382963452,-8.71,-11.66,-0.19
1,1548382963453,-8.22,-11.11,-0.07
1,1548382963454,-7.34,-10.09,0.11
1,1548382963454,-6.99,-9.66,0.21
1,1548382963522,-6.77,-9.35,0.25
1,1548382963524,-6.67,-9.1,0.33
1,1548382963525,-6.5,-8.69,0.35
1,1548382963525,-6.48,-8.33,0.41
1,1548382963526,-6.46,-7.91,0.39
1,1548382963527,-6.36,-7.57,0.35
1,1548382963527,-6.11,-7.05,0.31
1,1548382963528,-5.91,-6.91,0.25
1,1548382963594,-5.66,-7.03,0.21
1,1548382963595,-5.44,-7.32,0.11
1,1548382963596,-5.03,-8.18,0.01
1,1548382963596,-5.05,-8.47,0.19
1,1548382963596,-5.35,-8.57,0.46
1,1548382963597,-5.82,-8.51,0.78
1,1548382963597,-6.69,-8.14,0.83
1,1548382963672,-6.81,-8.0,0.8
1,1548382963673,-6.42,-8.16,0.95
1,1548382963674,-6.07,-8.22,0.99
1,1548382963674,-5.68,-7.75,1.07
1,1548382963675,-5.62,-7.36,1.01
1,1548382963675,-5.56,-6.99,1.05
1,1548382963675,-5.52,-6.87,1.11
1,1548382963676,-5.54,-7.08,1.13
1,1548382963746,-5.76,-8.06,1.23
1,1548382963748,-6.01,-8.57,1.21
1,1548382963750,-6.44,-8.8,1.23
1,1548382963753,-6.89,-8.8,1.23
1,1548382963754,-7.4,-8.57,1.36
1,1548382963755,-7.38,-8.43,1.56
1,1548382963757,-7.3,-8.22,1.64
1,1548382963822,-7.18,-8.06,1.79
1,1548382963823,-7.12,-7.89,1.75
1,1548382963824,-7.07,-7.83,1.69
1,1548382963824,-7.14,-7.87,1.67
1,1548382963825,-7.28,-7.98,1.66
1,1548382963825,-7.51,-8.41,2.14
1,1548382963825,-7.65,-8.53,2.3
1,1548382963826,-7.83,-8.51,2.3
1,1548382963895,-7.89,-8.39,2.26
1,1548382963896,-7.5,-8.28,1.91
1,1548382963897,-7.1,-8.26,1.87
1,1548382963897,-6.79,-8.26,1.93
1,1548382963898,-6.71,-8.35,1.91
1,1548382963898,-7.05,-8.28,2.1
1,1548382963898,-7.3,-8.06,2.12
1,1548382963971,-7.46,-7.83,2.1
1,1548382963972,-7.36,-7.65,2.1
1,1548382963987,-6.77,-7.53,2.12
1,1548382963988,-6.36,-7.55,2.1
1,1548382963989,-6.03,-7.5,2.08
1,1548382963990,-5.85,-7.3,2.08
1,1548382963991,-5.5,-7.36,1.56
1,1548382963992,-5.72,-7.28,1.58
1,1548382964047,-5.89,-7.2,1.69
1,1548382964049,-5.97,-7.18,1.77
1,1548382964052,-5.66,-7.26,1.77
1,1548382964053,-5.5,-7.22,1.83
1,1548382964054,-5.41,-7.28,1.77
1,1548382964055,-5.44,-7.3,1.75
1,1548382964055,-5.95,-7.28,1.75
1,1548382964117,-6.26,-7.16,1.75
1,1548382964118,-6.44,-7.01,1.69
1,1548382964121,-6.48,-6.83,1.75
1,1548382964122,-6.13,-6.66,1.71
1,1548382964122,-6.03,-6.66,1.71
1,1548382964122,-6.05,-6.71,1.64
1,1548382964123,-6.25,-6.83,1.64
1,1548382964123,-6.87,-7.28,1.6
1,1548382964193,-7.1,-7.5,1.64
1,1548382964227,-7.34,-7.67,1.66
1,1548382964229,-7.57,-7.73,1.87
1,1548382964230,-7.77,-7.69,2.34
1,1548382964231,-7.75,-7.63,2.5
1,1548382964232,-7.65,-7.57,2.53
1,1548382964233,-7.46,-7.63,2.46
1,1548382964280,-7.18,-8.06,2.32
1,1548382964281,-7.16,-8.12,2.34
1,1548382964282,-7.12,-8.06,2.34
1,1548382964282,-7.12,-8.0,2.18
1,1548382964282,-7.24,-7.96,1.89
1,1548382964283,-7.36,-7.85,1.89
1,1548382964283,-7.5,-7.67,2.1
1,1548382964283,-7.67,-7.57,2.36
1,1548382964342,-7.83,-7.3,2.65
1,1548382964343,-7.89,-7.05,2.69
1,1548382964344,-7.85,-6.73,2.61
1,1548382964344,-7.71,-6.4,2.67
1,1548382964344,-7.5,-6.07,2.91
1,1548382964345,-7.46,-5.99,3.26
1,1548382964345,-7.5,-5.99,3.51
1,1548382964506,-7.55,-6.05,3.59
1,1548382964508,-7.89,-5.99,3.78
1,1548382964509,-7.98,-5.87,3.76
1,1548382964510,-8.02,-5.68,3.71
1,1548382964512,-7.98,-5.54,3.63
1,1548382964572,-7.81,-5.44,3.57
1,1548382964572,-7.73,-5.35,3.65
1,1548382964573,-7.65,-5.19,3.82
1,1548382964573,-7.59,-5.0,3.84
1,1548382964573,-7.75,-4.92,3.75
1,1548382964574,-9.68,-4.94,1.56
1,1548382964574,-9.98,-5.09,1.5
1,1548382964575,-10.48,-5.07,1.6
1,1548382964647,-10.46,-4.92,1.81
1,1548382964647,-8.9,-5.0,2.1
1,1548382964648,-8.78,-5.31,1.99
1,1548382964672,-8.9,-5.66,1.81
1,1548382964672,-9.49,-7.16,1.67
1,1548382964730,-9.62,-8.0,1.71
1,1548382964732,-9.55,-8.49,1.73
1,1548382964733,-9.27,-8.51,1.71
1,1548382964734,-8.49,-8.14,1.85
1,1548382964735,-8.14,-8.1,1.91
1,1548382964736,-7.91,-8.12,1.95
1,1548382964737,-7.63,-8.14,1.77
1,1548382964738,-7.2,-8.12,1.48
1,1548382964795,-7.05,-8.35,1.26
1,1548382964805,-6.71,-9.88,1.32
1,1548382964805,-6.64,-9.31,1.4
1,1548382964806,-6.56,-8.67,1.42
1,1548382964806,-6.4,-8.14,1.23
1,1548382964806,-6.46,-8.33,1.23
1,1548382964806,-6.71,-8.57,1.17
1,1548382964806,-6.97,-8.69,1.01
1,1548382964870,-7.12,-8.41,0.74
1,1548382964870,-7.01,-8.08,0.76
1,1548382964871,-7.01,-7.81,0.87
1,1548382964871,-7.07,-7.67,0.95
1,1548382964872,-7.53,-7.59,1.15
1,1548382964872,-8.08,-7.57,1.19
1,1548382964872,-8.96,-7.2,0.93
1,1548382964873,-9.19,-7.08,0.72
1,1548382964943,-8.9,-7.12,0.37
1,1548382964944,-8.57,-7.26,0.35
1,1548382964944,-8.37,-7.34,0.27
1,1548382964945,-8.33,-7.28,0.33
1,1548382964945,-8.92,-7.08,0.7
1,1548382964946,-9.21,-7.08,1.09
1,1548382964956,-9.27,-7.1,1.23
1,1548382965019,-9.16,-7.12,1.23
1,1548382965020,-8.41,-6.85,0.66
1,1548382965020,-8.2,-6.69,0.39
1,1548382965020,-8.0,-6.71,0.09
1,1548382965020,-7.89,-6.91,0.19
1,1548382965021,-7.91,-7.46,0.68
1,1548382965093,-7.81,-7.48,0.85
1,1548382965094,-7.63,-7.32,0.91
1,1548382965094,-7.42,-7.18,0.83
1,1548382965095,-6.95,-7.3,0.42
1,1548382965095,-6.85,-7.44,0.05
1,1548382965095,-6.95,-7.55,-0.29
1,1548382965095,-7.01,-7.55,-0.42
1,1548382965095,-6.81,-7.26,-0.46
1,1548382965169,-6.62,-6.99,-0.44
1,1548382965170,-6.5,-6.79,-0.52
1,1548382965170,-6.3,-6.67,-0.46
1,1548382965170,-6.17,-6.67,-0.39
1,1548382965171,-6.09,-7.16,-0.07
1,1548382965171,-5.97,-7.42,-0.01
1,1548382965171,-5.93,-7.73,-0.15
1,1548382965171,-5.95,-7.81,-0.39
1,1548382965247,-5.93,-7.75,-0.44
1,1548382965250,-5.97,-7.79,-0.52
1,1548382965250,-5.97,-7.83,-0.68
1,1548382965252,-5.95,-7.79,-0.74
1,1548382965253,-5.66,-7.85,-0.62
1,1548382965253,-5.5,-7.96,-0.64
1,1548382965254,-5.39,-7.98,-0.66
1,1548382965255,-5.54,-8.06,-0.82
1,1548382965319,-5.8,-8.24,-1.03
1,1548382965320,-5.91,-8.45,-1.05
1,1548382965320,-5.99,-8.71,-1.15
1,1548382965321,-5.95,-8.98,-1.13
1,1548382965321,-6.01,-9.39,-1.26
1,1548382965321,-6.09,-9.47,-1.19
1,1548382965322,-6.11,-9.47,-1.01
1,1548382965322,-6.11,-9.51,-0.91
1,1548382965398,-6.11,-9.41,-0.82
1,1548382965400,-6.26,-9.27,-0.72
1,1548382965400,-6.48,-9.14,-0.72
1,1548382965412,-6.6,-9.06,-0.74
1,1548382965412,-6.58,-8.94,-0.7
1,1548382965413,-6.58,-8.92,-0.66
1,1548382965413,-6.6,-8.84,-0.72
1,1548382965468,-6.67,-8.63,-0.56
1,1548382965477,-6.81,-8.28,-0.29
1,1548382965477,-6.87,-8.16,-0.25
1,1548382965477,-7.03,-8.1,-0.15
1,1548382965478,-7.2,-8.12,0.0
1,1548382965478,-7.26,-8.1,0.17
1,1548382965478,-7.18,-8.02,0.15
1,1548382965478,-7.12,-7.96,0.13
1,1548382965545,-7.1,-7.98,0.05
1,1548382965550,-7.22,-8.02,0.0
1,1548382965553,-7.28,-7.98,0.0
1,1548382965555,-7.34,-7.85,0.0
1,1548382965556,-7.24,-7.77,-0.05
1,1548382965557,-6.97,-7.75,-0.03
1,1548382965558,-6.89,-7.85,0.01
1,1548382965621,-6.89,-7.98,0.07
1,1548382965693,-6.89,-8.06,0.07
1,1548382965857,-6.87,-8.14,-0.09
1,1548382965859,-6.79,-8.06,-0.27
1,1548382965860,-6.75,-7.96,-0.44
1,1548382965861,-6.64,-7.87,-0.39
1,1548382965862,-6.54,-8.1,-0.56
1,1548382965945,-6.5,-8.28,-0.56
1,1548382965946,-6.5,-8.37,-0.58
1,1548382965946,-6.46,-8.41,-0.64
1,1548382965946,-6.21,-8.84,-0.95
1,1548382965946,-6.23,-8.94,-1.15
1,1548382965947,-6.48,-9.21,-1.54
1,1548382965947,-6.44,-9.37,-1.54
1,1548382965947,-6.5,-9.72,-1.48
1,1548382966006,-6.48,-9.96,-1.69
1,1548382966007,-8.32,-11.4,-2.38
1,1548382966007,-8.88,-11.52,-2.28
1,1548382966007,-8.88,-11.36,-2.05
1,1548382966007,-8.69,-11.17,-1.83
1,1548382966007,-8.47,-10.97,-1.71
1,1548382966008,-8.24,-10.39,-1.32
1,1548382966008,-8.28,-10.05,-1.15
