1,1546924419528,14.66,2.32,3.43
1,1546924419528,15.09,0.78,4.53
1,1546924419529,14.8,-1.25,3.57
1,1546924419542,13.55,-0.6,2.34
1,1546924419543,12.69,1.01,1.93
1,1546924419543,12.32,3.28,1.73
1,1546924419543,12.24,6.25,2.32
1,1546924419603,12.01,6.46,2.57
1,1546924419603,11.81,5.72,2.83
1,1546924419604,11.95,4.8,2.57
1,1546924419604,12.26,3.76,1.95
1,1546924419625,12.08,3.26,1.6
1,1546924419625,11.67,2.71,1.67
1,1546924419626,11.3,1.87,2.01
1,1546924419681,11.28,1.64,2.38
1,1546924419681,10.72,3.94,3.26
1,1546924419681,10.25,3.63,4.33
1,1546924419682,9.19,2.55,5.54
1,1546924419682,7.1,0.52,7.75
1,1546924419682,6.67,-7.63,9.58
1,1546924419682,5.58,-8.67,9.04
1,1546924419683,4.86,-7.51,7.98
1,1546924419753,4.8,-5.25,6.97
1,1546924419754,6.42,-1.97,4.78
1,1546924419754,7.5,-1.23,3.61
1,1546924419775,8.1,-0.58,2.71
1,1546924419776,8.49,-0.33,2.28
1,1546924419776,9.57,0.76,0.89
1,1546924419776,9.88,1.64,0.42
1,1546924419831,10.37,1.95,-0.13
1,1546924419832,10.91,2.1,-0.82
1,1546924419832,10.95,2.3,-0.89
1,1546924419832,10.82,1.4,-1.6
1,1546924419833,10.58,0.82,-1.6
1,1546924419833,10.25,0.72,-2.07
1,1546924419833,10.64,1.28,-2.87
1,1546924419904,10.42,4.49,-3.55
1,1546924419905,10.0,5.19,-3.37
1,1546924419906,9.66,5.01,-2.87
1,1546924419927,9.02,4.1,-2.14
1,1546924419927,7.89,-0.15,0.15
1,1546924419928,7.4,-2.32,0.97
1,1546924419928,7.32,-2.83,1.44
1,1546924419928,7.53,-1.87,1.46
1,1546924419979,7.65,0.66,1.3
1,1546924419979,7.92,0.56,1.52
1,1546924419980,8.51,0.09,1.83
1,1546924419994,8.82,0.11,1.93
1,1546924419994,9.23,0.95,1.91
1,1546924419994,9.39,3.8,1.69
1,1546924419994,9.29,4.45,1.83
1,1546924419995,9.33,4.96,2.12
1,1546924420057,9.53,5.46,2.32
1,1546924420058,10.15,6.93,2.32
1,1546924420058,10.13,7.51,2.1
1,1546924420058,9.9,8.02,2.08
1,1546924420058,9.53,7.98,2.46
1,1546924420059,9.17,6.67,3.65
1,1546924420059,9.35,5.07,4.17
1,1546924420059,9.58,3.47,5.17
1,1546924420130,9.35,1.5,5.97
1,1546924420130,8.75,-2.1,6.69
1,1546924420131,8.84,-3.43,6.73
1,1546924420131,9.37,-3.71,5.99
1,1546924420131,10.5,-2.5,5.99
1,1546924420132,11.67,-0.85,6.36
1,1546924420132,13.33,2.3,5.23
1,1546924420132,13.78,3.84,4.14
1,1546924420202,13.78,5.17,2.96
1,1546924420203,13.49,6.23,2.12
1,1546924420203,12.46,6.58,0.03
1,1546924420209,11.85,4.72,-0.21
1,1546924420209,11.09,2.03,0.09
1,1546924420209,10.5,-0.52,0.42
1,1546924420210,10.07,-4.35,2.32
1,1546924420210,9.45,-4.6,3.32
1,1546924420277,8.53,-4.14,3.98
1,1546924420280,9.35,-1.58,2.05
1,1546924420280,10.97,0.25,-0.64
1,1546924420280,11.32,0.27,-0.13
1,1546924420281,10.97,-0.23,-0.56
1,1546924420281,9.55,-1.91,0.56
1,1546924420281,9.04,-3.39,0.68
1,1546924420353,8.71,-4.08,2.16
1,1546924420354,8.43,-4.06,2.05
1,1546924420354,8.04,-3.59,1.71
1,1546924420360,8.02,-2.67,1.09
1,1546924420360,8.82,-0.83,-0.27
1,1546924420361,8.92,-0.01,-0.6
1,1546924420361,8.92,0.41,-0.39
1,1546924420427,9.02,0.52,0.19
1,1546924420428,9.72,0.56,2.3
1,1546924420428,9.8,0.44,2.87
1,1546924420444,9.76,-0.03,3.39
1,1546924420445,9.74,-0.42,3.63
1,1546924420445,9.6,-0.64,3.69
1,1546924420445,9.76,0.41,2.85
1,1546924420446,9.84,1.21,2.51
1,1546924420502,9.84,2.08,2.34
1,1546924420511,9.86,2.63,2.48
1,1546924420512,10.09,3.1,3.98
1,1546924420512,10.07,2.92,4.9
1,1546924420513,9.84,2.73,5.17
1,1546924420513,9.72,2.57,5.01
1,1546924420513,10.17,2.16,4.23
1,1546924420513,10.29,1.83,3.9
1,1546924420578,10.46,1.97,3.45
1,1546924420579,10.68,2.87,2.67
1,1546924420595,10.68,5.33,1.15
1,1546924420596,10.74,6.26,0.39
1,1546924420596,9.94,6.23,1.05
1,1546924420596,9.23,5.58,1.17
1,1546924420596,9.23,5.41,1.26
1,1546924420596,8.9,4.94,0.97
1,1546924420652,8.04,3.65,-0.21
1,1546924420653,7.92,2.42,3.86
1,1546924420727,6.83,-0.11,5.21
1,1546924420729,8.9,0.85,2.18
1,1546924420730,7.94,2.4,2.16
1,1546924420730,7.36,2.91,2.36
1,1546924420731,7.34,2.38,2.3
1,1546924420731,8.59,1.83,-0.09
1,1546924420731,9.19,2.75,-0.25
1,1546924420734,8.49,2.65,1.4
1,1546924420803,7.75,0.56,3.3
1,1546924420804,9.47,2.98,3.06
1,1546924420805,9.82,3.24,2.51
1,1546924420805,10.0,3.35,2.34
1,1546924420814,10.01,3.35,2.3
1,1546924420814,9.86,3.18,2.24
1,1546924420815,9.64,2.63,2.07
1,1546924420815,9.72,2.34,2.12
1,1546924420877,9.78,2.1,2.12
1,1546924420878,9.8,2.01,2.18
1,1546924420878,9.82,1.97,2.26
1,1546924420878,9.82,1.87,2.3
1,1546924420878,9.84,1.69,2.3
1,1546924420881,9.84,1.56,2.32
1,1546924420881,9.82,1.44,2.32
1,1546924420953,9.64,1.36,2.32
1,1546924420953,9.58,1.3,2.3
1,1546924420954,9.58,1.23,2.3
1,1546924420965,9.58,1.19,2.32
1,1546924420965,9.55,1.21,2.34
1,1546924420965,9.51,1.25,2.38
1,1546924420966,9.41,1.42,2.46
1,1546924420966,9.27,1.58,2.53
1,1546924421027,8.8,1.85,2.65
1,1546924421028,8.57,1.89,2.69
1,1546924421029,8.37,1.95,2.71
1,1546924421030,8.16,1.97,2.73
1,1546924421031,8.1,1.97,2.69
1,1546924421031,8.12,1.85,2.67
1,1546924421031,8.14,1.67,2.73
1,1546924421032,8.22,1.6,2.77
1,1546924421105,8.35,1.44,2.77
1,1546924421106,8.53,1.34,2.85
1,1546924421106,8.59,1.32,2.92
1,1546924421107,8.67,1.3,2.92
1,1546924421107,8.78,1.26,2.98
1,1546924421107,9.1,1.13,3.14
1,1546924421108,9.27,1.07,3.16
1,1546924421108,9.45,0.99,3.18
1,1546924421178,9.6,0.95,3.26
1,1546924421178,9.84,0.74,3.35
1,1546924421178,9.94,0.68,3.39
1,1546924421183,10.0,0.6,3.39
1,1546924421184,10.0,0.54,3.39
1,1546924421184,9.92,0.54,3.39
1,1546924421184,9.74,0.54,3.39
1,1546924421185,9.68,0.56,3.33
1,1546924421254,9.62,0.58,3.3
1,1546924421268,9.64,0.62,3.24
1,1546924421268,9.7,0.76,3.08
1,1546924421269,9.66,0.85,3.04
1,1546924421269,9.66,0.97,2.94
1,1546924421269,9.66,1.03,2.92
1,1546924421269,9.74,1.19,2.94
1,1546924421328,9.78,1.25,2.91
1,1546924421328,9.8,1.25,2.92
1,1546924421328,9.84,1.19,2.87
1,1546924421329,9.78,0.95,2.85
1,1546924421335,9.76,0.83,2.87
1,1546924421335,9.74,0.76,2.85
1,1546924421335,9.8,0.74,2.96
1,1546924421336,9.72,0.78,3.04
1,1546924421403,9.29,0.82,3.26
1,1546924421403,9.19,0.91,3.28
1,1546924421478,9.16,0.93,3.32
1,1546924421478,9.16,0.91,3.28
1,1546924421478,9.14,0.97,3.26
1,1546924421478,9.08,1.11,3.18
1,1546924421479,9.04,1.21,3.16
1,1546924421479,9.06,1.26,3.14
1,1546924421487,9.16,1.38,3.18
1,1546924421488,9.14,1.44,3.14
1,1546924421552,9.12,1.5,3.18
1,1546924421553,9.02,1.56,3.04
1,1546924421554,9.02,1.3,3.1
1,1546924421556,8.88,1.28,3.08
1,1546924421556,8.73,1.52,3.06
1,1546924421557,8.63,1.69,3.02
1,1546924421557,8.57,1.99,3.0
1,1546924421557,8.55,2.2,2.92
1,1546924421628,8.59,2.57,2.92
1,1546924421629,8.53,2.81,2.85
1,1546924421630,8.55,2.77,2.83
1,1546924421630,8.65,2.81,2.73
1,1546924421630,8.67,2.79,2.71
1,1546924421631,8.57,2.73,2.73
1,1546924421631,8.49,2.67,2.69
1,1546924421703,8.43,2.63,2.69
1,1546924421704,8.47,2.42,2.77
1,1546924421705,8.49,2.34,2.75
1,1546924421705,8.39,2.28,2.79
1,1546924421705,8.26,2.22,2.77
1,1546924421706,8.12,2.12,2.81
1,1546924421706,8.24,2.12,2.83
1,1546924421706,8.37,2.2,3.0
1,1546924421777,8.57,2.34,3.24
1,1546924421853,9.16,2.53,3.63
1,1546924421853,9.39,2.75,3.92
1,1546924421854,9.68,2.77,4.16
1,1546924421854,9.88,2.67,4.47
1,1546924421854,10.01,2.85,5.17
1,1546924421873,10.0,3.18,5.27
1,1546924421873,9.92,3.51,5.27
1,1546924421928,9.8,3.75,5.25
1,1546924421929,9.76,3.86,5.25
1,1546924421940,9.86,3.59,4.86
1,1546924421940,10.62,1.75,4.04
1,1546924421940,10.6,1.52,3.84
1,1546924421940,10.27,0.91,3.69
1,1546924421941,9.96,0.62,3.55
1,1546924421941,9.6,0.52,3.37
1,1546924422003,9.31,0.42,3.22
1,1546924422004,9.02,0.35,2.32
1,1546924422004,8.92,0.5,2.3
1,1546924422004,8.73,0.54,2.28
1,1546924422078,8.43,0.64,2.22
1,1546924422091,8.35,0.64,2.26
1,1546924422092,8.3,0.68,2.3
1,1546924422092,8.26,0.74,2.32
1,1546924422092,8.24,1.17,2.34
1,1546924422093,8.22,1.46,2.28
1,1546924422093,8.26,1.64,2.24
1,1546924422093,8.24,1.71,2.14
1,1546924422152,8.26,1.64,2.08
1,1546924422159,8.43,1.5,1.99
1,1546924422159,8.53,2.01,1.83
1,1546924422160,8.78,1.97,1.77
1,1546924422160,8.8,2.01,1.77
1,1546924422160,8.76,2.12,1.73
1,1546924422161,8.71,2.26,1.67
1,1546924422161,8.49,2.34,1.81
1,1546924422228,8.37,2.34,1.77
1,1546924422242,8.3,2.44,1.77
1,1546924422243,8.22,2.51,1.79
1,1546924422243,8.1,2.5,1.77
1,1546924422243,8.1,2.44,1.81
1,1546924422243,8.14,2.36,1.81
1,1546924422243,8.26,2.38,1.77
1,1546924422244,8.32,2.38,1.79
1,1546924422302,8.59,2.4,1.89
1,1546924422310,8.65,2.46,1.97
1,1546924422310,8.67,2.55,1.95
1,1546924422310,8.65,2.65,1.91
1,1546924422310,9.0,1.93,2.28
1,1546924422311,9.25,1.58,2.32
1,1546924422311,9.43,1.56,2.28
1,1546924422311,9.53,1.89,2.22
1,1546924422377,9.64,2.48,2.07
1,1546924422394,9.74,2.48,2.03
1,1546924422394,9.82,2.38,2.12
1,1546924422395,9.9,2.38,2.2
1,1546924422395,9.98,2.38,2.24
1,1546924422395,9.98,2.57,2.3
1,1546924422395,9.88,2.61,2.3
1,1546924422395,9.78,2.57,2.3
1,1546924422453,9.76,2.63,2.3
1,1546924422453,9.68,2.51,2.32
1,1546924422461,9.62,2.42,2.32
1,1546924422461,9.6,2.26,2.32
1,1546924422461,9.55,2.12,2.3
1,1546924422462,9.39,1.87,2.3
1,1546924422462,9.41,1.77,2.3
1,1546924422462,9.39,1.77,2.3
1,1546924422528,9.47,1.81,2.26
1,1546924422528,9.7,1.91,2.08
1,1546924422544,9.92,1.97,2.01
1,1546924422545,10.09,1.97,1.95
1,1546924422545,10.21,2.01,1.87
1,1546924422545,10.25,2.08,1.83
1,1546924422545,10.21,2.18,1.77
1,1546924422546,10.19,2.18,1.67
1,1546924422602,10.27,2.16,1.62
1,1546924422603,10.35,2.08,1.48
1,1546924422603,10.27,2.03,1.4
1,1546924422603,10.07,2.03,1.4
1,1546924422678,9.84,2.05,1.38
1,1546924422678,9.72,1.99,1.32
1,1546924422679,9.84,1.85,1.17
1,1546924422679,10.05,1.75,1.07
1,1546924422679,10.19,1.69,1.01
1,1546924422679,10.35,1.66,0.97
1,1546924422680,10.82,1.66,0.85
1,1546924422697,11.01,1.62,0.76
1,1546924422752,11.11,1.54,0.76
1,1546924422753,11.07,1.42,0.8
1,1546924422753,10.48,1.25,0.78
1,1546924422754,10.31,1.21,0.74
1,1546924422763,10.17,1.23,0.72
1,1546924422764,9.94,1.28,0.78
1,1546924422764,9.51,1.52,0.82
1,1546924422764,9.27,1.69,0.85
1,1546924422845,9.0,1.85,0.89
1,1546924422845,8.84,2.01,0.91
1,1546924422845,8.59,2.24,0.93
1,1546924422846,8.47,2.32,0.97
1,1546924422846,8.32,2.4,1.07
1,1546924422846,8.16,2.5,1.15
1,1546924422846,8.0,2.63,1.23
1,1546924422847,7.81,2.87,1.46
1,1546924422912,7.77,2.96,1.56
1,1546924422912,7.81,3.02,1.71
1,1546924422913,7.83,2.94,1.83
1,1546924422913,8.04,2.48,1.34
1,1546924422913,8.49,1.54,2.48
1,1546924422913,8.92,0.78,2.75
1,1546924422913,9.16,2.28,3.61
1,1546924422914,9.51,3.76,5.19
1,1546924423000,9.27,3.3,5.31
1,1546924423000,9.08,2.73,5.41
1,1546924423000,9.41,2.36,5.17
1,1546924423001,9.72,2.3,4.66
1,1546924423001,9.51,2.46,3.32
1,1546924423001,9.47,2.16,2.87
1,1546924423002,9.57,1.79,2.61
1,1546924423002,9.64,1.52,2.48
1,1546924423074,9.88,1.6,2.46
1,1546924423206,9.94,1.77,2.4
1,1546924423206,9.88,1.77,2.34
1,1546924423207,9.98,1.71,2.44
1,1546924423207,10.05,1.91,2.4
1,1546924423278,10.11,1.62,2.3
1,1546924423280,10.27,1.34,2.12
1,1546924423280,10.54,1.28,1.91
1,1546924423281,11.15,1.32,1.48
1,1546924423281,11.44,1.28,1.38
1,1546924423282,11.73,1.25,1.46
1,1546924423282,7.61,1.28,2.51
1,1546924423283,7.38,0.74,2.55
1,1546924423354,7.3,0.44,2.63
1,1546924423354,7.38,-0.11,2.57
1,1546924423355,7.89,0.7,2.71
1,1546924423355,8.1,0.44,3.0
1,1546924423355,8.49,0.31,3.22
1,1546924423355,8.94,0.72,3.35
1,1546924423356,8.75,1.21,3.28
1,1546924423356,8.45,1.66,3.24
1,1546924423428,8.14,1.77,3.1
1,1546924423428,7.89,1.13,2.57
1,1546924423428,7.91,0.74,2.48
1,1546924423428,8.0,0.44,2.51
1,1546924423429,8.14,0.09,2.73
1,1546924423502,8.24,-0.03,2.91
1,1546924423504,8.51,0.42,2.85
1,1546924423504,8.84,1.01,2.71
1,1546924423504,9.19,2.1,2.46
1,1546924423505,9.55,3.12,2.36
1,1546924423505,10.05,4.41,2.32
1,1546924423505,10.37,4.51,2.28
1,1546924423505,10.56,4.27,2.26
1,1546924423578,10.56,3.82,2.34
1,1546924423578,10.76,3.39,2.36
1,1546924423578,10.35,4.35,2.32
1,1546924423579,10.15,4.45,2.36
1,1546924423579,9.86,4.49,2.61
1,1546924423588,9.74,4.19,2.96
1,1546924423589,9.62,3.82,3.06
1,1546924423589,9.6,3.65,2.91
1,1546924423653,8.84,4.16,2.3
1,1546924423655,8.53,4.21,2.32
1,1546924423656,8.75,4.37,2.36
1,1546924423657,8.88,4.64,2.32
1,1546924423657,8.73,4.86,2.65
1,1546924423658,8.71,5.03,3.04
1,1546924423658,8.45,5.11,2.71
1,1546924423659,8.3,5.42,2.4
1,1546924423729,8.1,4.37,2.53
1,1546924423730,8.35,3.76,3.0
1,1546924423730,8.35,3.71,2.98
1,1546924423730,8.08,3.82,3.26
1,1546924423731,7.85,3.76,3.33
1,1546924423738,7.38,3.53,2.71
1,1546924423738,7.57,2.98,2.44
1,1546924423738,7.75,2.3,2.07
1,1546924423803,7.83,1.87,2.08
1,1546924423804,8.2,1.28,2.87
1,1546924423805,8.45,1.3,3.96
1,1546924423806,8.32,1.23,4.43
1,1546924423806,7.79,0.85,4.53
1,1546924423807,7.5,0.42,4.16
1,1546924423807,7.85,0.5,4.55
1,1546924423808,8.18,0.95,5.39
1,1546924423879,8.12,1.73,5.5
1,1546924423880,8.65,2.75,4.33
1,1546924423880,8.12,2.96,4.33
1,1546924423881,7.32,1.97,5.29
1,1546924423881,6.69,0.83,6.01
1,1546924423881,6.97,0.39,6.38
1,1546924423881,8.12,2.3,6.23
1,1546924423882,8.53,4.47,5.54
1,1546924423952,8.35,6.03,4.49
1,1546924423975,7.24,4.94,3.73
1,1546924423976,7.87,3.32,4.02
1,1546924423976,8.16,4.23,3.73
1,1546924423976,8.04,5.25,3.63
1,1546924423977,7.77,5.64,3.51
1,1546924423977,7.94,5.01,2.98
1,1546924424027,8.18,4.64,2.5
1,1546924424028,8.28,4.49,2.28
1,1546924424028,8.3,4.68,2.01
1,1546924424028,8.3,5.35,2.08
1,1546924424029,7.71,5.68,2.32
1,1546924424040,7.4,4.76,2.36
1,1546924424041,7.44,3.92,2.36
1,1546924424041,7.38,3.33,2.24
1,1546924424103,6.89,2.94,1.03
1,1546924424103,6.85,2.87,0.46
1,1546924424104,6.83,2.83,-0.05
1,1546924424105,6.89,2.92,-0.42
1,1546924424105,7.2,3.14,-0.68
1,1546924424106,7.46,3.33,-0.66
1,1546924424106,7.61,3.65,-0.54
1,1546924424106,7.69,4.0,-0.44
1,1546924424178,7.79,4.21,-0.21
1,1546924424178,7.81,4.21,0.44
1,1546924424179,7.91,4.25,0.82
1,1546924424179,7.91,4.27,0.89
1,1546924424180,8.0,4.17,1.32
1,1546924424180,8.35,2.85,1.77
1,1546924424192,8.57,2.26,1.99
1,1546924424260,8.65,1.97,1.97
1,1546924424260,8.59,1.62,2.05
1,1546924424260,8.59,1.28,2.05
1,1546924424261,8.69,0.8,2.2
1,1546924424261,9.16,-0.97,2.65
1,1546924424261,9.86,-2.28,5.33
1,1546924424261,10.58,0.25,7.01
1,1546924424261,10.78,2.69,6.46
1,1546924424328,10.6,5.33,5.72
1,1546924424329,10.39,7.48,5.17
1,1546924424330,10.46,8.78,4.78
1,1546924424330,10.21,8.51,4.62
1,1546924424330,9.84,7.48,4.64
1,1546924424331,9.72,6.38,4.92
1,1546924424331,9.94,5.52,5.23
1,1546924424331,10.13,5.33,5.42
1,1546924424405,10.03,5.62,5.27
1,1546924424405,9.86,5.85,5.11
1,1546924424483,9.8,5.64,4.98
1,1546924424483,10.07,4.43,4.92
1,1546924424484,10.25,3.69,4.92
1,1546924424484,10.33,2.92,4.98
1,1546924424484,10.25,2.14,4.96
1,1546924424484,10.11,1.5,4.9
1,1546924424484,9.74,1.11,4.72
1,1546924424484,9.55,1.13,4.64
1,1546924424554,9.53,1.17,4.55
1,1546924424555,9.49,1.28,4.49
1,1546924424560,9.08,0.66,3.14
1,1546924424561,9.45,0.52,2.75
1,1546924424561,9.58,0.5,2.51
1,1546924424561,9.55,0.56,2.36
1,1546924424562,9.41,0.58,2.34
1,1546924424562,9.62,0.74,2.32
1,1546924424633,9.55,0.74,2.26
1,1546924424634,9.51,0.74,2.26
1,1546924424634,9.68,0.8,2.24
1,1546924424635,9.74,0.72,1.83
1,1546924424635,9.23,0.39,1.23
1,1546924424636,8.96,0.41,1.44
1,1546924424637,8.88,0.66,1.66
1,1546924424637,8.8,1.38,1.93
1,1546924424709,8.43,2.46,2.34
1,1546924424711,8.28,2.24,2.36
1,1546924424713,8.37,1.64,2.46
1,1546924424714,8.41,0.99,2.44
1,1546924424715,8.39,0.7,2.32
1,1546924424716,8.33,1.23,2.34
1,1546924424717,8.33,1.93,2.34
1,1546924424718,8.33,2.55,2.4
1,1546924424783,8.33,2.57,2.59
1,1546924424784,8.43,2.26,2.55
1,1546924424785,8.51,1.87,2.44
1,1546924424786,8.53,1.58,2.34
1,1546924424858,8.49,1.62,2.32
1,1546924424860,8.26,1.97,2.12
1,1546924424861,8.08,2.1,2.12
1,1546924424863,8.1,2.18,2.18
1,1546924424864,8.2,2.18,2.26
1,1546924424865,8.41,2.1,2.3
1,1546924424866,8.47,2.05,2.3
1,1546924424867,8.51,2.05,2.28
1,1546924424932,8.49,2.01,2.26
1,1546924424949,8.63,1.97,2.24
1,1546924424950,8.63,1.89,2.2
1,1546924424951,8.59,1.93,2.2
1,1546924424951,8.8,1.87,2.3
1,1546924424952,8.92,1.69,2.2
1,1546924424953,9.0,1.44,2.1
1,1546924424953,9.1,1.3,2.18
1,1546924425007,9.47,1.6,2.3
1,1546924425016,9.68,2.16,2.3
1,1546924425016,9.78,2.69,2.32
1,1546924425017,9.84,2.94,2.32
1,1546924425018,9.86,2.83,2.34
1,1546924425018,9.9,2.65,2.38
1,1546924425019,9.96,2.53,2.4
1,1546924425020,10.01,2.5,2.48
1,1546924425165,10.07,2.57,2.46
1,1546924425167,10.09,2.59,2.44
1,1546924425168,10.11,2.59,2.44
1,1546924425169,10.17,2.59,2.46
1,1546924425231,10.27,2.65,2.44
1,1546924425232,10.31,2.85,2.57
1,1546924425233,10.25,2.87,2.61
1,1546924425234,10.25,2.87,2.67
1,1546924425235,10.17,2.83,2.69
1,1546924425236,9.9,2.73,2.67
1,1546924425237,9.0,2.28,2.87
1,1546924425238,8.9,2.16,2.81
1,1546924425309,9.0,2.12,2.85
1,1546924425311,9.14,2.14,2.92
1,1546924425315,9.82,1.85,2.83
1,1546924425317,10.0,1.87,2.85
1,1546924425318,10.0,2.12,2.91
1,1546924425320,9.88,2.24,2.91
1,1546924425321,9.76,2.2,2.92
1,1546924425322,9.72,2.12,2.92
1,1546924425393,9.84,1.89,2.87
1,1546924425394,10.01,1.77,2.79
1,1546924425395,10.19,1.75,2.75
1,1546924425396,10.27,1.71,2.63
1,1546924425396,10.33,1.67,2.55
1,1546924425397,10.23,1.58,2.44
1,1546924425397,10.15,1.54,2.38
1,1546924425458,10.01,1.46,2.34
1,1546924425459,9.84,1.38,2.32
1,1546924425460,9.7,1.32,2.32
1,1546924425461,9.64,1.34,2.34
1,1546924425463,9.62,1.28,2.3
1,1546924425463,9.57,1.3,2.28
1,1546924425464,9.53,1.26,2.16
1,1546924425465,9.53,1.25,2.12
1,1546924425534,9.57,1.25,2.1
1,1546924425536,9.43,1.26,2.01
1,1546924425538,9.27,1.28,2.01
1,1546924425539,9.21,1.23,1.99
1,1546924425540,9.21,1.28,1.95
1,1546924425541,9.19,1.32,1.95
1,1546924425543,9.02,1.5,1.97
1,1546924425544,8.94,1.54,1.97
1,1546924425609,8.96,1.64,2.01
1,1546924425610,9.04,1.67,2.03
1,1546924425611,9.06,1.69,2.1
1,1546924425611,9.04,1.69,2.16
1,1546924425613,8.96,1.79,2.2
1,1546924425614,8.88,1.83,2.22
1,1546924425615,8.88,1.83,2.32
1,1546924425615,8.92,1.75,2.32
1,1546924425680,8.94,1.71,2.32
1,1546924425682,9.04,1.62,2.32
1,1546924425684,9.14,1.83,2.34
1,1546924425684,9.12,1.91,2.42
1,1546924425685,9.06,1.95,2.5
1,1546924425686,8.92,1.91,2.53
1,1546924425687,8.82,1.69,2.63
1,1546924425689,8.94,1.58,2.67
1,1546924425755,9.04,1.85,2.63
1,1546924425756,9.0,2.14,2.67
1,1546924425757,8.86,2.36,2.71
1,1546924425780,8.96,2.38,2.96
1,1546924425781,9.1,2.26,3.1
1,1546924425782,9.17,2.14,3.18
1,1546924425782,9.16,2.01,3.22
1,1546924425783,9.02,1.56,3.28
1,1546924425829,9.0,1.3,3.33
1,1546924425830,8.96,1.05,3.37
1,1546924425831,9.02,0.82,3.49
1,1546924425832,9.1,0.68,3.51
1,1546924425833,9.12,0.56,3.67
1,1546924425833,9.14,0.56,3.63
1,1546924425834,9.16,0.56,3.63
1,1546924425908,9.16,0.56,3.65
1,1546924425923,9.29,0.56,3.55
1,1546924425924,9.33,0.6,3.53
1,1546924425924,9.37,0.76,3.53
1,1546924425925,9.33,0.89,3.55
1,1546924425925,9.43,1.21,3.33
1,1546924425926,9.37,1.3,3.28
1,1546924425926,9.37,1.38,3.2
1,1546924425979,9.39,1.4,3.12
1,1546924425979,9.33,1.67,3.0
1,1546924425980,9.33,1.83,2.89
1,1546924425981,9.31,1.87,2.83
1,1546924425981,9.27,1.89,2.81
1,1546924425982,9.21,1.91,2.73
1,1546924425982,9.21,1.73,2.59
1,1546924426059,9.31,1.67,2.48
1,1546924426061,9.33,1.62,2.4
1,1546924426062,9.43,1.54,2.32
1,1546924426063,9.57,1.42,2.32
1,1546924426064,9.64,1.36,2.2
1,1546924426065,9.62,1.3,1.95
1,1546924426066,9.6,1.25,1.75
1,1546924426067,9.68,1.4,1.66
1,1546924426131,9.9,1.89,1.64
1,1546924426132,9.98,2.5,1.44
1,1546924426133,9.8,2.73,1.34
1,1546924426141,9.47,2.51,1.34
1,1546924426142,9.04,1.05,1.71
1,1546924426142,9.02,0.54,1.91
1,1546924426143,8.98,0.44,2.07
1,1546924426143,8.92,0.41,2.16
1,1546924426205,8.78,0.56,2.22
1,1546924426206,8.73,0.72,2.26
1,1546924426228,8.78,0.93,2.26
1,1546924426229,8.84,1.03,2.26
1,1546924426230,8.94,0.99,2.3
1,1546924426230,9.04,1.09,2.34
1,1546924426231,9.08,1.3,2.3
1,1546924426286,9.12,1.42,2.28
1,1546924426288,9.17,1.15,2.28
1,1546924426293,9.33,0.91,2.28
1,1546924426294,9.45,0.72,2.3
1,1546924426296,9.53,0.6,2.3
1,1546924426297,9.62,0.62,2.32
1,1546924426298,10.07,1.52,2.28
1,1546924426299,10.03,2.01,2.28
1,1546924426357,9.84,1.81,2.44
1,1546924426359,9.82,1.15,3.04
1,1546924426360,10.29,0.52,4.06
1,1546924426361,10.21,0.52,4.43
1,1546924426362,9.98,0.39,4.72
1,1546924426363,9.86,-0.19,5.07
1,1546924426364,9.98,-1.42,6.32
1,1546924426434,10.01,-1.64,6.87
1,1546924426435,9.94,-1.64,7.18
1,1546924426436,9.86,-1.19,7.18
1,1546924426436,9.72,-0.29,6.85
1,1546924426437,9.31,0.83,6.03
1,1546924426437,9.23,1.28,5.64
1,1546924426439,9.19,1.58,5.27
1,1546924426469,9.19,1.83,4.94
1,1546924426520,9.19,2.63,4.43
1,1546924426521,9.17,2.87,4.23
1,1546924426522,9.14,2.85,3.98
1,1546924426523,9.06,2.69,3.76
1,1546924426523,8.9,2.22,3.08
1,1546924426524,8.76,1.87,2.85
1,1546924426525,8.71,1.5,2.67
1,1546924426525,8.59,1.34,2.53
1,1546924426580,8.41,1.09,2.32
1,1546924426580,8.3,0.87,2.28
1,1546924426581,8.22,0.7,2.26
1,1546924426581,8.16,0.62,2.16
1,1546924426582,8.12,0.58,2.1
1,1546924426582,8.2,0.62,2.1
1,1546924426582,8.22,0.87,2.07
1,1546924426658,8.28,1.05,2.03
1,1546924426659,8.28,1.17,2.03
1,1546924426661,8.24,1.28,1.95
1,1546924426664,8.33,1.09,2.05
1,1546924426665,8.55,1.07,2.1
1,1546924426666,8.76,1.23,2.1
1,1546924426666,8.94,1.54,2.08
1,1546924426667,9.12,1.6,2.03
1,1546924426731,9.39,1.64,2.12
1,1546924426732,9.6,1.67,2.16
1,1546924426733,9.72,1.77,2.24
1,1546924426734,9.76,1.75,2.32
1,1546924426735,9.84,1.62,2.32
1,1546924426736,9.94,1.52,2.32
1,1546924426736,9.98,1.4,2.3
1,1546924426737,9.8,1.25,2.26
1,1546924426807,9.64,1.13,2.2
1,1546924426807,9.55,0.99,2.1
1,1546924426808,9.51,0.89,2.05
1,1546924426808,9.23,0.68,2.03
1,1546924426809,9.08,0.72,2.07
1,1546924426830,8.94,0.74,2.1
1,1546924426831,8.82,0.99,2.07
1,1546924426881,8.59,1.42,2.18
1,1546924426882,8.59,1.58,2.2
1,1546924426895,8.55,1.77,2.26
1,1546924426896,8.55,2.05,2.3
1,1546924426896,8.49,2.32,2.3
1,1546924426896,8.35,2.73,2.32
1,1546924426896,8.35,2.85,2.38
1,1546924426896,8.39,2.89,2.44
1,1546924426957,8.45,2.92,2.63
1,1546924426980,8.71,2.87,3.1
1,1546924426981,8.9,2.79,3.28
1,1546924426981,9.12,2.75,3.35
1,1546924426981,9.35,2.67,3.39
1,1546924426981,10.11,2.4,3.75
1,1546924426982,10.64,2.34,4.04
1,1546924427030,10.97,2.36,4.39
1,1546924427047,11.01,2.4,4.64
1,1546924427047,10.8,2.38,4.84
1,1546924427047,10.33,2.03,5.21
1,1546924427047,10.23,1.85,5.29
1,1546924427048,10.19,1.64,5.33
1,1546924427048,10.03,1.4,5.29
1,1546924427048,9.66,0.89,5.13
1,1546924427103,9.55,0.58,5.07
1,1546924427104,9.53,0.41,4.96
1,1546924427117,9.49,0.01,4.84
1,1546924427117,9.45,-0.62,4.23
1,1546924427117,9.51,-0.62,3.8
1,1546924427118,9.58,-0.33,3.35
1,1546924427118,9.64,-0.09,3.16
1,1546924427118,9.64,-0.07,2.96
1,1546924427179,9.78,-0.42,2.89
1,1546924427180,10.11,-0.5,3.28
1,1546924427180,10.0,-0.68,3.51
1,1546924427180,9.64,-0.91,3.49
1,1546924427181,9.64,-1.48,3.43
1,1546924427181,9.88,-1.25,3.49
1,1546924427204,10.01,-0.7,3.3
1,1546924427272,10.01,-0.21,3.02
1,1546924427273,10.89,0.23,2.42
1,1546924427273,11.38,0.41,2.32
1,1546924427273,11.67,0.54,2.22
1,1546924427273,11.87,0.62,2.03
1,1546924427274,11.44,1.34,1.58
1,1546924427274,10.83,1.52,1.38
1,1546924427274,10.25,1.54,1.3
1,1546924427329,9.84,1.48,1.23
1,1546924427350,9.45,1.25,1.21
1,1546924427352,8.71,0.64,1.38
1,1546924427353,8.43,0.54,1.4
1,1546924427353,8.26,0.46,1.34
1,1546924427354,8.2,0.41,1.28
1,1546924427355,8.32,0.21,1.07
1,1546924427406,8.41,-0.01,1.07
1,1546924427435,8.53,-0.31,1.3
1,1546924427435,8.57,-0.52,1.62
1,1546924427436,8.63,-0.33,2.24
1,1546924427436,8.59,-0.01,2.3
1,1546924427436,8.69,0.23,2.32
1,1546924427436,8.86,0.35,2.34
1,1546924427436,9.27,0.52,2.32
1,1546924427480,9.35,0.56,2.32
1,1546924427481,9.43,0.66,2.28
1,1546924427481,9.49,0.95,2.28
1,1546924427501,9.51,1.19,2.28
1,1546924427501,9.51,1.66,2.22
1,1546924427501,9.58,1.79,2.24
1,1546924427501,9.64,1.87,2.24
1,1546924427502,9.8,1.83,2.28
1,1546924427557,9.92,1.81,2.26
1,1546924427558,9.88,1.81,2.18
1,1546924427558,10.01,1.73,2.18
1,1546924427558,10.21,1.62,2.22
1,1546924427559,10.33,1.4,2.32
1,1546924427636,10.19,1.34,2.32
1,1546924427637,10.07,1.26,2.36
1,1546924427638,10.07,1.15,2.53
1,1546924427639,10.03,1.15,2.57
1,1546924427640,9.7,1.26,2.63
1,1546924427641,9.51,1.26,2.71
1,1546924427643,9.45,1.25,2.77
1,1546924427644,9.41,1.19,2.79
1,1546924427711,9.47,0.95,2.81
1,1546924427712,9.57,0.8,2.77
1,1546924427713,9.68,0.7,2.73
1,1546924427715,9.9,0.64,2.63
1,1546924427716,10.21,0.66,2.5
1,1546924427717,10.23,0.74,2.46
1,1546924427719,10.27,0.78,2.51
1,1546924427720,10.29,0.85,2.55
1,1546924427777,10.29,0.97,2.57
1,1546924427778,10.37,0.97,2.51
1,1546924427778,10.54,0.91,2.46
1,1546924427779,10.64,0.85,2.36
1,1546924427779,10.35,0.85,2.32
1,1546924427780,10.03,0.87,2.26
1,1546924427780,9.92,0.95,2.12
1,1546924427781,9.94,0.99,1.91
1,1546924427852,10.05,1.05,1.75
1,1546924427853,10.31,1.05,1.38
1,1546924427854,10.35,1.07,1.21
1,1546924427854,10.44,1.11,0.99
1,1546924427854,10.46,1.15,0.8
1,1546924427854,10.42,1.13,0.42
1,1546924427855,10.33,1.07,0.27
1,1546924427855,10.29,0.99,0.15
1,1546924427947,10.39,0.93,-0.03
1,1546924427948,10.44,0.85,-0.39
1,1546924427948,10.44,0.78,-0.62
1,1546924427948,10.39,0.78,-0.74
1,1546924427949,10.17,0.82,-0.78
1,1546924427949,9.43,0.89,-0.89
1,1546924427949,9.1,0.93,-0.87
1,1546924427949,8.82,0.99,-0.93
1,1546924428027,8.65,0.99,-0.93
1,1546924428027,8.47,1.05,-0.87
1,1546924428028,8.12,1.26,-0.74
1,1546924428028,8.0,1.42,-0.68
1,1546924428028,7.87,1.66,-0.6
1,1546924428028,7.77,1.89,-0.56
1,1546924428028,7.55,2.03,-0.52
1,1546924428028,7.46,1.91,-0.54
1,1546924428106,7.3,1.77,-0.54
1,1546924428107,7.16,1.69,-0.6
1,1546924428107,6.97,1.75,-0.74
1,1546924428107,7.05,1.71,-0.85
1,1546924428107,7.22,1.66,-0.93
1,1546924428107,7.46,1.56,-1.01
1,1546924428107,8.16,1.5,-0.97
1,1546924428227,8.51,1.46,-0.97
1,1546924428262,8.75,1.5,-0.85
1,1546924428263,8.9,1.54,-0.76
1,1546924428263,9.0,1.54,-0.66
1,1546924428264,9.19,1.79,-0.44
1,1546924428264,9.25,1.91,-0.39
1,1546924428264,9.33,1.97,-0.23
1,1546924428265,9.47,2.01,-0.09
1,1546924428302,9.8,2.22,0.35
1,1546924428303,10.05,2.44,0.6
1,1546924428305,13.43,4.78,3.0
1,1546924428305,13.63,4.23,3.33
1,1546924428306,13.49,3.37,5.54
1,1546924428306,13.76,0.83,7.65
1,1546924428306,14.0,-2.24,9.53
1,1546924428306,13.94,-4.39,10.13
1,1546924428378,14.17,-2.14,8.63
1,1546924428379,14.51,6.83,4.45
1,1546924428379,13.43,9.92,3.71
1,1546924428380,11.32,7.4,4.47
1,1546924428380,11.11,3.63,5.29
1,1546924428380,11.3,0.66,6.03
1,1546924428380,11.21,-0.7,6.56
1,1546924428381,9.47,-0.52,5.83
1,1546924428452,8.8,-0.58,5.33
1,1546924428474,8.55,-1.07,5.05
1,1546924428474,8.53,-1.69,4.8
1,1546924428474,8.53,-2.16,4.62
1,1546924428475,8.3,-2.51,4.37
1,1546924428475,8.12,-2.24,4.23
1,1546924428475,8.08,-2.01,4.19
1,1546924428475,8.24,-1.71,4.06
1,1546924428527,8.63,-0.62,3.96
1,1546924428528,8.82,0.09,3.96
1,1546924428529,9.04,0.7,4.02
1,1546924428529,9.33,1.44,4.02
1,1546924428529,9.72,3.45,3.41
1,1546924428540,9.64,4.66,2.69
1,1546924428540,9.39,5.33,2.34
1,1546924428540,9.31,5.07,2.46
1,1546924428606,9.37,2.77,3.04
1,1546924428607,9.29,1.46,3.3
1,1546924428607,9.0,0.48,3.51
1,1546924428607,8.71,-0.29,3.71
1,1546924428607,8.55,-1.11,3.82
1,1546924428608,9.06,-2.28,4.1
1,1546924428608,9.21,-2.46,4.31
1,1546924428608,9.58,-2.61,4.29
1,1546924428689,9.94,-2.26,3.75
1,1546924428690,10.68,-1.11,3.02
1,1546924428690,10.78,-0.6,2.89
1,1546924428690,10.64,-0.25,2.69
1,1546924428690,10.89,0.21,2.51
1,1546924428691,11.13,1.11,2.22
1,1546924428691,11.28,1.54,1.95
1,1546924428758,11.42,1.85,1.75
1,1546924428758,11.36,1.75,1.77
1,1546924428759,11.21,1.07,1.66
1,1546924428759,11.13,1.07,1.46
1,1546924428759,11.05,1.17,1.32
1,1546924428759,10.89,1.21,1.21
1,1546924428760,10.78,1.19,1.19
1,1546924428760,10.64,1.07,1.3
1,1546924428841,10.52,1.13,1.32
1,1546924428841,10.5,1.34,1.26
1,1546924428842,10.52,1.66,1.15
1,1546924428842,10.54,2.2,0.95
1,1546924428842,10.37,2.28,0.93
1,1546924428842,10.11,2.22,0.95
1,1546924428843,9.78,2.1,1.03
1,1546924428843,9.17,1.77,1.03
1,1546924428906,8.96,1.62,0.97
1,1546924428906,8.8,1.4,0.91
1,1546924428906,8.73,1.23,0.8
1,1546924428906,8.41,0.95,0.62
1,1546924428907,8.26,0.91,0.42
1,1546924428907,8.06,0.83,0.35
1,1546924428979,7.94,0.82,0.23
1,1546924428993,8.04,0.76,0.15
1,1546924428993,8.49,0.58,0.01
1,1546924428993,8.71,0.56,0.0
1,1546924428994,8.92,0.6,-0.03
1,1546924428994,8.96,0.8,0.03
1,1546924428994,8.28,1.52,0.21
1,1546924428994,7.79,1.83,0.42
1,1546924429052,7.36,2.12,0.48
1,1546924429060,7.14,2.3,0.11
1,1546924429060,7.16,2.08,0.0
1,1546924429061,7.22,1.71,0.09
1,1546924429061,7.34,1.38,0.15
1,1546924429061,7.51,1.23,0.25
1,1546924429061,7.94,1.01,0.5
1,1546924429061,8.06,0.99,0.52
1,1546924429128,8.18,1.07,0.62
1,1546924429144,8.33,1.21,0.72
1,1546924429145,8.51,1.3,0.91
1,1546924429145,9.14,1.54,1.25
1,1546924429145,9.41,1.69,1.38
1,1546924429145,9.72,1.97,1.5
1,1546924429146,9.96,2.22,1.56
1,1546924429146,10.6,2.83,1.91
1,1546924429282,10.7,3.16,2.18
1,1546924429283,10.74,3.51,2.34
1,1546924429283,10.83,3.8,2.44
1,1546924429284,10.83,3.57,2.94
1,1546924429284,10.82,3.12,3.2
1,1546924429353,10.85,2.61,3.47
1,1546924429362,10.93,2.12,3.75
1,1546924429362,11.05,1.56,4.14
1,1546924429363,11.52,-0.97,4.84
1,1546924429363,10.09,-4.1,10.46
1,1546924429363,9.74,14.45,-0.48
1,1546924429363,10.33,5.52,2.28
1,1546924429363,11.79,1.95,3.26
1,1546924429429,12.32,0.56,3.82
1,1546924429430,9.47,0.58,2.24
1,1546924429430,9.33,-0.33,2.3
1,1546924429430,8.8,-0.82,2.34
1,1546924429431,8.69,-0.41,2.4
1,1546924429431,8.65,-0.01,2.44
1,1546924429431,8.61,0.44,2.44
1,1546924429431,8.43,0.87,2.57
1,1546924429503,8.45,1.38,2.55
1,1546924429515,8.57,1.99,2.5
1,1546924429515,8.61,2.53,2.46
1,1546924429516,8.69,3.24,2.3
1,1546924429516,8.8,3.35,2.28
1,1546924429516,8.9,3.37,2.12
1,1546924429517,9.12,3.35,1.95
1,1546924429517,9.37,3.24,1.62
1,1546924429579,9.39,3.18,1.48
1,1546924429579,9.31,3.14,1.38
1,1546924429580,9.35,3.04,1.28
1,1546924429581,9.39,3.08,1.25
1,1546924429581,9.17,3.3,1.21
1,1546924429581,8.9,3.37,1.28
1,1546924429582,8.61,3.33,1.3
1,1546924429582,8.43,3.24,1.44
1,1546924429652,8.39,3.04,1.6
1,1546924429653,8.53,2.94,1.6
1,1546924429654,8.63,2.77,1.52
1,1546924429665,8.69,2.4,1.54
1,1546924429665,9.06,1.26,2.28
1,1546924429665,9.25,1.23,2.4
1,1546924429665,9.37,1.46,2.69
1,1546924429731,9.45,1.75,2.83
1,1546924429731,10.11,2.3,3.0
1,1546924429731,10.54,2.87,3.65
1,1546924429732,10.83,3.84,4.84
1,1546924429732,11.03,4.98,6.01
1,1546924429732,10.89,5.66,6.34
1,1546924429732,11.15,4.55,5.6
1,1546924429733,11.69,4.39,5.13
1,1546924429815,12.16,5.41,4.23
1,1546924429815,12.4,7.57,3.02
1,1546924429815,12.46,12.91,2.05
1,1546924429816,12.59,14.78,2.03
1,1546924429816,13.0,15.85,2.14
1,1546924429816,13.33,15.91,2.05
1,1546924429817,13.47,14.53,1.13
1,1546924429817,13.49,14.25,0.58
1,1546924429882,13.51,14.49,0.17
1,1546924429883,13.61,15.09,-0.27
1,1546924429883,13.73,15.87,-0.44
1,1546924429883,13.43,16.28,-1.13
1,1546924429883,13.2,15.99,-1.6
1,1546924429884,13.14,15.52,-1.87
1,1546924429884,12.92,15.27,-1.99
1,1546924429954,12.38,16.56,-2.36
1,1546924429954,12.3,16.64,-2.63
1,1546924429954,11.87,15.99,-2.89
1,1546924429954,11.28,15.13,-2.92
1,1546924429967,10.48,13.35,-2.87
1,1546924430029,10.0,12.63,-2.5
1,1546924430035,9.21,11.62,-1.87
1,1546924430035,8.16,10.31,-1.01
1,1546924430035,6.23,7.24,0.09
1,1546924430035,5.23,6.11,0.68
1,1546924430036,4.33,5.42,0.87
1,1546924430036,3.59,5.25,0.68
1,1546924430036,3.1,5.23,0.83
1,1546924430103,2.53,3.55,0.99
1,1546924430120,1.46,0.78,1.5
1,1546924430120,0.66,-0.97,1.52
1,1546924430121,-0.82,-2.08,1.67
1,1546924430121,-1.52,-1.01,1.26
1,1546924430121,-1.67,0.58,0.93
1,1546924430121,-1.71,1.81,0.91
1,1546924430121,-1.85,1.62,1.66
1,1546924430178,-2.24,0.62,2.16
1,1546924430179,-2.71,0.27,2.42
1,1546924430179,-2.69,0.23,2.83
1,1546924430186,-1.73,0.5,3.24
1,1546924430187,-1.48,0.5,3.2
1,1546924430187,-1.67,0.46,2.79
1,1546924430187,-2.08,0.33,2.67
1,1546924430187,-2.59,0.13,2.77
1,1546924430255,-3.18,-0.48,3.0
1,1546924430255,-3.22,-0.39,3.33
1,1546924430256,-3.2,-0.19,3.63
1,1546924430256,-3.24,0.39,3.73
1,1546924430256,-4.0,2.14,3.47
1,1546924430257,-4.39,3.2,2.87
1,1546924430257,-4.92,4.25,2.5
1,1546924430257,-5.54,4.74,2.51
1,1546924430328,-6.64,2.22,3.73
1,1546924430338,-6.71,0.33,4.72
1,1546924430339,-6.67,-0.8,5.29
1,1546924430339,-6.83,-0.8,5.72
1,1546924430339,-7.75,0.56,6.36
1,1546924430339,-7.85,1.52,6.25
1,1546924430339,-7.81,2.96,6.03
1,1546924430403,-7.87,4.51,5.35
1,1546924430405,-8.82,6.03,4.57
1,1546924430406,-9.19,5.23,4.29
1,1546924430406,-9.43,3.63,4.33
1,1546924430406,-9.29,1.62,4.74
1,1546924430407,-8.8,0.42,5.23
1,1546924430407,-8.2,1.19,5.52
1,1546924430408,-8.43,2.96,5.13
1,1546924430479,-8.69,4.6,4.66
1,1546924430488,-9.0,5.41,4.53
1,1546924430489,-8.86,3.28,4.94
1,1546924430489,-8.55,1.52,5.46
1,1546924430489,-8.22,0.33,5.78
1,1546924430490,-7.92,-0.05,5.87
1,1546924430490,-8.06,1.56,5.11
1,1546924430490,-8.1,3.28,4.45
1,1546924430556,-8.26,4.55,4.12
1,1546924430556,-8.59,4.86,3.92
1,1546924430557,-8.88,2.46,4.96
1,1546924430557,-8.39,0.78,5.52
1,1546924430557,-7.98,0.05,5.97
1,1546924430577,-7.69,0.03,6.05
1,1546924430577,-7.63,0.87,5.72
1,1546924430577,-8.28,3.33,4.96
1,1546924430629,-8.35,3.73,4.74
1,1546924430630,-8.26,3.37,4.72
1,1546924430630,-8.04,2.59,4.98
1,1546924430630,-7.85,0.66,5.56
1,1546924430631,-7.91,0.52,5.56
1,1546924430631,-8.18,0.8,5.42
1,1546924430631,-8.55,1.54,5.09
1,1546924430707,-8.51,2.79,4.41
1,1546924430708,-8.47,2.81,4.55
1,1546924430727,-8.39,2.51,4.84
1,1546924430728,-8.32,2.26,4.94
1,1546924430729,-8.82,2.51,5.03
1,1546924430729,-8.9,2.36,4.6
1,1546924430730,-8.86,2.4,4.31
1,1546924430730,-8.84,2.38,4.37
1,1546924430783,-8.78,2.16,4.39
1,1546924430785,-8.65,2.14,4.45
1,1546924430786,-8.63,2.46,4.57
1,1546924430787,-8.63,2.69,4.72
1,1546924430789,-8.61,2.71,4.9
1,1546924430790,-8.41,1.81,5.07
1,1546924430792,-8.28,1.34,4.76
1,1546924430865,-8.26,1.09,4.17
1,1546924430866,-8.41,0.95,3.57
1,1546924430866,-8.92,0.91,3.24
1,1546924430867,-8.94,0.91,3.3
1,1546924430868,-8.69,1.01,3.57
1,1546924430868,-8.28,1.32,3.9
1,1546924430869,-7.91,1.95,4.19
1,1546924430870,-7.81,2.2,4.08
1,1546924430927,-7.69,2.53,4.0
1,1546924430942,-7.55,2.79,4.02
1,1546924430942,-7.4,2.83,3.94
1,1546924430943,-7.03,2.67,4.1
1,1546924430943,-6.87,2.61,4.19
1,1546924430943,-6.75,2.53,4.35
1,1546924430943,-6.67,2.28,4.49
1,1546924430943,-6.6,0.78,4.88
1,1546924431004,-6.44,-0.01,4.94
1,1546924431005,-6.15,-1.21,4.92
1,1546924431026,-5.66,-2.18,4.94
1,1546924431026,-4.6,-2.65,4.88
1,1546924431083,-3.98,-1.6,4.51
1,1546924431084,-3.63,-0.54,3.92
1,1546924431084,-3.73,0.41,3.47
1,1546924431084,-3.35,1.85,3.35
1,1546924431084,-2.65,2.44,3.53
1,1546924431085,-2.32,2.48,3.96
1,1546924431085,-2.16,1.89,4.86
1,1546924431085,-1.79,1.36,5.78
1,1546924431162,-1.23,1.44,7.2
1,1546924431162,-1.28,1.56,7.79
1,1546924431162,-0.97,1.73,7.71
1,1546924431163,-0.35,0.85,7.26
1,1546924431163,0.03,0.54,6.58
1,1546924431163,-0.05,0.41,6.42
1,1546924431163,0.07,0.35,6.36
1,1546924431164,0.37,0.64,6.25
1,1546924431229,0.72,1.4,6.66
1,1546924431249,1.36,3.47,6.77
1,1546924431249,1.95,5.66,6.44
1,1546924431250,1.93,8.06,6.13
1,1546924431250,1.85,8.14,5.87
1,1546924431250,2.14,7.05,6.01
1,1546924431250,1.95,5.41,6.15
1,1546924431250,1.75,3.71,6.5
1,1546924431303,2.55,3.1,7.05
1,1546924431313,2.98,3.78,6.81
1,1546924431313,3.37,4.19,7.51
1,1546924431313,3.9,5.68,7.81
1,1546924431313,4.76,7.46,7.22
1,1546924431314,4.74,6.34,7.05
1,1546924431314,4.96,5.56,7.08
1,1546924431314,5.44,4.9,7.16
1,1546924431383,6.28,3.53,7.96
1,1546924431384,6.67,4.33,7.75
1,1546924431384,7.2,4.78,7.63
1,1546924431384,7.63,5.15,7.89
1,1546924431385,9.16,8.08,8.08
1,1546924431385,9.55,8.8,7.59
1,1546924431386,9.35,8.3,7.44
1,1546924431386,9.17,7.83,7.48
1,1546924431464,9.45,7.44,7.05
1,1546924431464,9.72,5.35,6.52
1,1546924431464,9.84,5.25,6.23
1,1546924431465,10.03,5.31,5.93
1,1546924431465,10.07,5.17,5.72
1,1546924431465,9.84,4.37,5.33
1,1546924431466,9.9,4.08,5.03
1,1546924431466,10.17,4.08,4.88
1,1546924431529,10.44,4.25,4.66
1,1546924431530,10.91,4.76,4.37
1,1546924431531,11.28,4.82,4.27
1,1546924431531,11.91,4.84,4.37
1,1546924431532,12.75,5.0,4.39
1,1546924431533,13.9,5.8,4.12
1,1546924431533,11.99,5.31,3.88
1,1546924431533,11.32,0.48,9.51
1,1546924431606,16.11,-3.63,11.48
1,1546924431607,21.64,3.28,6.83
1,1546924431607,18.37,22.73,-0.39
1,1546924431607,14.41,25.74,-1.75
1,1546924431615,10.42,23.0,-1.91
1,1546924431616,8.9,17.46,-1.01
1,1546924431616,10.15,6.26,0.35
1,1546924431683,10.72,1.64,1.5
1,1546924431685,10.93,-1.03,2.42
1,1546924431686,10.87,-1.58,2.5
1,1546924431687,10.0,1.32,1.73
1,1546924431688,9.72,3.0,1.07
1,1546924431689,9.55,3.59,0.89
1,1546924431690,9.55,3.14,1.23
1,1546924431691,9.53,2.14,1.56
1,1546924431765,9.7,0.54,2.16
1,1546924431766,9.82,0.56,2.14
1,1546924431766,9.8,0.91,1.87
1,1546924431766,9.74,1.52,1.56
1,1546924431767,9.47,2.32,1.09
1,1546924431767,9.39,2.34,0.89
1,1546924431767,9.43,2.14,0.89
1,1546924431831,9.43,1.81,0.97
1,1546924431832,9.47,1.23,1.21
1,1546924431854,9.39,1.11,1.3
1,1546924431855,9.31,1.23,1.44
1,1546924431856,9.17,1.42,1.48
1,1546924431856,8.98,1.99,1.42
1,1546924431857,8.9,2.16,1.36
1,1546924431857,8.78,2.26,1.34
1,1546924431908,8.67,2.36,1.36
1,1546924431929,8.55,2.38,1.32
1,1546924431929,8.45,2.59,1.36
1,1546924431930,8.47,2.69,1.36
1,1546924431930,8.55,2.75,1.4
1,1546924431930,8.63,2.75,1.5
1,1546924431931,8.8,2.79,1.66
1,1546924431931,8.84,2.87,1.71
1,1546924431979,8.84,2.92,1.79
1,1546924432010,8.88,3.0,1.83
1,1546924432011,8.96,2.89,1.97
1,1546924432012,9.0,2.81,2.1
1,1546924432013,9.1,2.73,2.1
1,1546924432014,9.29,2.63,2.16
1,1546924432015,9.39,2.38,2.22
1,1546924432130,9.31,2.16,2.24
1,1546924432131,9.21,1.91,2.28
1,1546924432131,9.19,1.71,2.26
1,1546924432132,9.21,1.52,2.28
1,1546924432132,9.33,1.32,2.28
1,1546924432206,9.41,1.26,2.22
1,1546924432207,9.47,1.19,2.18
1,1546924432207,9.49,1.23,2.2
1,1546924432207,9.47,1.32,2.28
1,1546924432208,9.41,1.44,2.3
1,1546924432208,9.29,2.1,2.3
1,1546924432208,9.33,2.07,2.3
1,1546924432208,9.39,1.97,2.3
1,1546924432281,9.49,1.91,2.26
1,1546924432282,9.45,1.6,2.1
1,1546924432282,9.45,1.71,2.08
1,1546924432283,9.55,1.85,2.05
1,1546924432309,9.6,1.97,2.03
1,1546924432310,9.58,2.03,1.97
1,1546924432311,9.57,2.07,1.99
1,1546924432311,9.43,2.05,1.81
1,1546924432362,9.43,1.99,1.75
1,1546924432363,9.49,1.95,1.73
1,1546924432430,9.57,1.87,1.67
1,1546924432452,9.51,1.79,1.62
1,1546924432453,9.27,1.64,1.62
1,1546924432453,9.21,1.58,1.6
1,1546924432453,9.19,1.54,1.56
1,1546924432453,9.17,1.56,1.5
1,1546924432453,9.27,1.79,1.5
1,1546924432454,9.29,1.91,1.52
1,1546924432503,9.31,2.05,1.54
1,1546924432504,9.31,2.14,1.54
1,1546924432528,9.25,2.36,1.62
1,1546924432529,9.25,2.32,1.66
1,1546924432530,9.27,2.22,1.71
1,1546924432582,9.29,2.22,1.69
1,1546924432587,9.31,2.18,1.79
1,1546924432588,9.19,2.22,1.85
1,1546924432590,9.14,2.26,1.93
1,1546924432593,9.1,2.26,2.01
1,1546924432594,9.06,2.28,2.03
1,1546924432595,9.04,2.42,2.16
1,1546924432596,9.0,2.44,2.14
1,1546924432672,9.02,2.4,2.22
1,1546924432672,8.98,2.42,2.28
1,1546924432673,9.27,2.48,2.32
1,1546924432674,9.35,2.44,2.3
1,1546924432675,9.55,2.38,2.3
1,1546924432676,9.8,2.57,3.0
1,1546924432676,9.74,2.69,3.35
1,1546924432676,9.7,2.75,3.67
1,1546924432731,9.62,2.48,4.02
1,1546924432734,9.92,1.36,4.51
1,1546924432735,10.05,1.11,4.43
1,1546924432736,10.09,1.19,4.1
1,1546924432738,10.13,1.54,3.75
1,1546924432738,10.23,2.4,3.3
1,1546924432740,10.11,2.34,3.08
1,1546924432741,10.01,2.01,2.92
1,1546924432807,10.0,1.56,2.79
1,1546924432809,10.05,1.25,2.63
1,1546924432810,10.11,1.34,2.53
1,1546924432811,10.17,1.38,2.5
1,1546924432811,10.27,1.17,2.46
1,1546924432812,10.25,0.97,2.46
1,1546924432813,10.11,1.05,2.69
1,1546924432813,9.94,1.32,2.73
1,1546924432881,9.72,1.54,2.73
1,1546924432882,9.68,1.62,2.71
1,1546924432892,9.55,0.99,2.48
1,1546924432893,9.53,0.6,2.38
1,1546924432893,9.66,0.5,2.34
1,1546924432894,9.8,0.48,2.32
1,1546924432894,9.64,0.64,2.4
1,1546924432895,9.45,0.58,2.42
1,1546924432979,9.33,0.56,2.48
1,1546924432980,9.39,0.56,2.53
1,1546924432981,8.92,0.7,2.34
1,1546924432982,8.94,0.72,2.34
1,1546924432983,8.96,0.74,2.46
1,1546924432983,8.9,0.6,2.44
1,1546924432984,8.88,0.54,2.5
1,1546924432985,8.9,0.85,2.44
1,1546924433034,8.75,1.26,2.46
1,1546924433036,8.67,1.6,2.38
1,1546924433036,8.57,1.93,2.32
1,1546924433037,8.63,2.55,2.28
1,1546924433037,8.75,2.79,2.2
1,1546924433038,8.69,2.91,2.2
1,1546924433038,8.75,2.65,2.34
1,1546924433039,8.86,1.83,2.71
1,1546924433105,8.92,2.05,2.81
1,1546924433106,8.96,2.67,2.79
1,1546924433107,8.94,3.16,2.59
1,1546924433108,8.96,3.51,2.53
1,1546924433110,9.04,3.49,2.51
1,1546924433186,9.06,3.49,2.32
1,1546924433188,9.17,3.73,2.3
1,1546924433190,9.14,3.76,2.28
1,1546924433191,8.96,3.12,2.32
1,1546924433192,9.12,2.85,2.34
1,1546924433193,9.14,2.59,2.34
1,1546924433195,8.98,2.48,2.34
1,1546924433196,8.76,2.87,2.28
1,1546924433255,8.65,3.02,1.91
1,1546924433280,8.57,2.83,1.46
1,1546924433281,8.73,2.65,1.36
1,1546924433282,8.96,2.85,1.75
1,1546924433283,8.9,3.3,1.71
1,1546924433284,8.78,3.8,1.79
1,1546924433285,8.73,3.88,1.95
1,1546924433286,8.86,3.57,2.24
1,1546924433334,9.02,2.12,2.44
1,1546924433336,8.88,1.36,2.48
1,1546924433337,8.82,0.87,2.79
1,1546924433338,9.02,0.82,3.3
1,1546924433339,9.27,2.28,4.53
1,1546924433340,9.06,3.12,4.7
1,1546924433341,8.76,3.45,4.82
1,1546924433341,8.47,3.08,4.6
1,1546924433407,8.06,0.56,4.58
1,1546924433409,8.22,-0.21,4.51
1,1546924433409,8.51,-0.41,4.21
1,1546924433410,8.78,0.42,4.39
1,1546924433410,8.9,1.95,4.72
1,1546924433482,8.59,4.35,4.98
1,1546924433483,8.61,4.33,4.66
1,1546924433484,8.78,3.88,3.12
1,1546924433484,8.98,3.73,1.17
1,1546924433485,7.01,1.95,5.23
1,1546924433485,7.61,-2.3,7.92
1,1546924433486,9.08,-4.1,8.49
1,1546924433486,10.21,-2.34,7.92
1,1546924433556,10.09,2.98,5.31
1,1546924433557,9.21,3.08,3.02
1,1546924433584,9.41,2.34,3.26
1,1546924433585,9.35,3.02,3.32
1,1546924433586,9.23,3.86,3.2
1,1546924433587,9.14,4.45,3.08
1,1546924433587,9.14,3.92,2.89
1,1546924433588,9.21,3.22,2.73
1,1546924433639,9.25,2.71,2.4
1,1546924433640,9.16,2.38,2.32
1,1546924433640,8.88,1.91,2.34
1,1546924433640,8.71,1.36,3.12
1,1546924433641,8.47,1.46,3.3
1,1546924433641,8.2,0.95,3.16
1,1546924433641,8.08,0.58,2.69
1,1546924433642,8.3,0.87,3.24
1,1546924433704,8.67,1.58,4.66
1,1546924433705,8.82,2.2,6.4
1,1546924433705,8.43,1.67,8.08
1,1546924433705,8.71,-1.99,10.8
1,1546924433781,8.69,-4.02,12.34
1,1546924433782,8.86,-6.58,13.76
1,1546924433782,9.43,-8.63,15.09
1,1546924433782,9.94,-7.89,18.43
1,1546924433858,9.57,-5.54,20.31
1,1546924433860,9.51,-3.08,22.34
1,1546924433861,10.25,-0.6,25.05
1,1546924433862,11.89,1.28,28.04
1,1546924433862,15.91,2.53,30.7
1,1546924433863,17.94,2.08,29.62
1,1546924433863,22.26,6.64,19.33
1,1546924433864,21.97,8.37,17.55
1,1546924433931,21.85,10.21,16.26
1,1546924433932,20.62,17.63,6.25
1,1546924433933,21.62,13.73,4.21
1,1546924433933,21.81,12.98,2.65
1,1546924433951,21.54,12.98,1.75
1,1546924433951,21.17,13.2,0.58
1,1546924433952,20.27,13.06,-0.66
1,1546924433953,19.0,10.25,-1.71
1,1546924434006,19.37,8.55,-1.93
1,1546924434008,19.53,7.48,-2.32
1,1546924434010,19.39,6.99,-2.67
1,1546924434011,17.12,6.67,-2.91
1,1546924434013,15.66,7.05,-2.96
1,1546924434014,15.01,7.42,-3.02
1,1546924434015,14.41,6.89,-3.06
1,1546924434019,14.49,4.16,-2.75
1,1546924434083,14.25,3.26,-2.59
1,1546924434085,12.94,2.96,-2.71
1,1546924434086,12.12,3.02,-2.75
1,1546924434087,12.05,2.83,-2.63
1,1546924434106,11.5,1.91,-2.67
1,1546924434108,10.05,0.62,-2.69
1,1546924434109,8.61,-0.52,-2.71
1,1546924434109,7.61,-1.77,-2.65
1,1546924434160,5.54,-2.65,-2.85
1,1546924434162,4.41,-4.33,-3.0
1,1546924434164,2.79,-7.63,-2.01
1,1546924434165,0.5,-11.67,-2.85
1,1546924434166,-7.5,-21.56,-4.88
1,1546924434167,-11.11,-21.75,2.96
1,1546924434169,-12.44,-16.05,-3.18
1,1546924434170,-10.31,-16.73,-4.17
1,1546924434231,-10.13,-22.16,-5.19
1,1546924434233,-11.44,-24.94,-4.43
1,1546924434234,-10.68,-25.13,-3.35
1,1546924434235,-8.78,-24.08,-2.55
1,1546924434237,-5.29,-21.32,-1.28
1,1546924434237,-3.96,-19.72,-1.01
1,1546924434238,-2.28,-18.49,-0.99
1,1546924434308,-1.19,-17.69,-0.87
1,1546924434309,-0.46,-16.69,-1.26
1,1546924434309,-0.03,-15.44,-1.46
1,1546924434310,0.29,-14.47,-1.28
1,1546924434310,0.91,-12.67,-1.09
1,1546924434311,2.28,-11.42,-1.19
1,1546924434311,2.85,-10.44,-1.44
1,1546924434311,2.75,-10.83,-1.91
1,1546924434492,2.53,-11.17,-1.62
1,1546924434494,2.38,-10.17,-1.17
1,1546924434495,4.14,-6.87,-0.89
1,1546924434496,4.19,-6.03,-1.3
1,1546924434546,3.9,-5.72,-2.2
1,1546924434546,3.53,-5.99,-2.96
1,1546924434547,4.06,-5.48,-4.06
1,1546924434547,4.6,-3.9,-4.47
1,1546924434548,5.05,-2.01,-5.03
1,1546924434548,5.29,-0.6,-5.48
1,1546924434549,17.75,1.77,-4.47
1,1546924434549,20.76,2.46,-3.28
1,1546924434605,23.51,2.77,-1.58
1,1546924434625,25.31,3.08,0.27
1,1546924434626,24.64,6.97,2.77
1,1546924434627,25.76,7.36,4.45
1,1546924434627,27.59,8.67,7.46
1,1546924434628,28.98,10.21,11.32
1,1546924434629,28.41,10.8,13.28
1,1546924434629,27.26,7.67,13.18
1,1546924434683,28.67,6.62,13.02
1,1546924434686,28.71,6.99,12.3
1,1546924434686,27.28,8.18,12.12
1,1546924434687,25.87,12.81,15.46
1,1546924434687,24.51,13.57,15.89
1,1546924434705,22.65,13.0,16.44
1,1546924434705,21.87,11.97,15.95
1,1546924434706,21.77,11.21,13.26
1,1546924434753,21.15,11.09,12.08
1,1546924434754,21.05,11.13,11.89
1,1546924434830,21.07,10.99,13.06
1,1546924434831,19.17,6.56,14.04
1,1546924434831,18.39,6.81,14.27
1,1546924434831,17.65,8.55,14.23
1,1546924434831,16.5,10.64,14.08
1,1546924434831,15.68,12.55,13.49
1,1546924434831,13.45,13.59,13.2
1,1546924434832,12.01,13.22,13.33
1,1546924434907,11.54,12.65,13.69
1,1546924434910,14.14,7.12,9.06
1,1546924434912,13.55,8.96,6.54
1,1546924434913,11.34,5.03,5.33
1,1546924434914,11.3,-0.74,5.05
1,1546924434916,12.07,-3.45,5.17
1,1546924434917,13.35,-2.4,5.46
1,1546924434918,12.61,-0.64,4.55
1,1546924434985,12.05,0.0,4.06
1,1546924434986,11.79,-0.46,3.96
1,1546924434986,11.62,-3.22,4.47
1,1546924434987,11.36,-3.78,4.74
1,1546924434988,11.07,-3.47,4.74
1,1546924435056,10.68,-2.57,4.35
1,1546924435056,9.76,-1.21,3.47
1,1546924435057,9.6,-0.78,3.14
1,1546924435057,9.57,-0.42,2.87
1,1546924435057,9.51,-0.19,2.5
1,1546924435058,9.16,0.41,2.03
1,1546924435058,8.92,0.58,1.62
1,1546924435075,8.67,0.85,1.17
1,1546924435128,8.45,1.23,0.74
1,1546924435128,7.79,2.03,-0.23
1,1546924435128,7.77,2.2,-0.31
1,1546924435129,7.79,2.32,-0.39
1,1546924435141,7.79,2.57,-0.46
1,1546924435141,7.77,2.67,-0.46
1,1546924435141,7.83,2.75,-0.44
1,1546924435141,7.79,2.79,-0.42
1,1546924435203,7.81,2.79,-0.44
1,1546924435205,7.83,2.81,-0.46
1,1546924435206,7.81,2.79,-0.42
1,1546924435206,7.71,2.77,-0.44
1,1546924435207,7.53,2.53,-0.41
1,1546924435207,7.5,2.42,-0.37
1,1546924435207,7.46,2.2,-0.31
1,1546924435208,7.55,1.97,-0.27
1,1546924435281,7.69,1.87,-0.21
1,1546924435281,7.92,1.75,-0.01
1,1546924435282,8.06,1.77,0.07
1,1546924435282,8.22,1.91,0.05
1,1546924435282,8.32,2.14,0.03
1,1546924435283,8.47,2.4,0.13
1,1546924435283,8.55,2.4,0.21
1,1546924435355,8.63,2.34,0.25
1,1546924435356,8.78,2.32,0.41
1,1546924435356,8.86,2.12,0.56
1,1546924435357,8.86,2.03,0.64
1,1546924435357,8.92,2.03,0.93
1,1546924435357,8.98,2.1,1.32
1,1546924435358,9.16,2.48,1.67
1,1546924435358,9.1,2.48,1.83
1,1546924435433,9.1,2.36,2.08
1,1546924435433,9.1,2.26,2.24
1,1546924435451,9.21,2.07,2.3
1,1546924435452,9.49,1.66,2.42
1,1546924435452,9.55,1.83,2.48
1,1546924435452,9.82,2.16,2.44
1,1546924435453,9.84,2.51,2.73
1,1546924435453,10.42,3.86,3.86
1,1546924435505,10.8,4.96,4.6
1,1546924435510,10.62,5.46,4.94
1,1546924435511,10.25,5.15,5.11
1,1546924435511,10.54,2.57,8.33
1,1546924435511,9.6,0.17,14.02
1,1546924435511,9.21,-6.17,22.44
1,1546924435512,10.89,-12.77,22.18
1,1546924435583,12.98,-1.13,16.73
1,1546924435585,12.14,5.37,13.67
1,1546924435586,10.25,8.78,10.91
1,1546924435587,8.51,8.78,8.92
1,1546924435587,8.02,5.99,8.32
1,1546924435588,9.82,0.76,7.91
1,1546924435589,10.37,1.21,7.08
1,1546924435589,10.19,2.96,6.01
1,1546924435659,9.68,4.55,4.98
1,1546924435661,9.12,4.68,2.73
1,1546924435662,9.08,3.76,2.34
1,1546924435663,9.17,2.59,2.14
1,1546924435663,9.16,1.54,1.97
1,1546924435664,9.0,0.76,1.69
1,1546924435664,8.9,0.66,1.66
1,1546924435664,8.8,0.58,1.77
1,1546924435731,8.69,0.46,1.91
1,1546924435732,8.67,0.03,2.14
1,1546924435733,8.75,-0.68,2.34
1,1546924435734,8.9,-0.62,2.36
1,1546924435735,9.04,-0.15,2.36
1,1546924435736,9.14,0.37,2.32
1,1546924435737,9.33,0.82,2.28
1,1546924435738,9.37,1.15,2.16
1,1546924435805,9.39,1.46,2.07
1,1546924435814,9.39,1.77,1.85
1,1546924435815,9.29,2.2,1.64
1,1546924435816,9.23,2.3,1.52
1,1546924435816,9.1,2.36,1.44
1,1546924435817,9.0,2.36,1.34
1,1546924435818,8.96,2.32,1.3
1,1546924435880,8.9,2.34,1.28
1,1546924435881,8.92,2.32,1.26
1,1546924435881,8.92,2.32,1.25
1,1546924435881,8.98,2.42,1.25
1,1546924435881,8.98,2.46,1.26
1,1546924435956,9.0,2.53,1.3
1,1546924435956,9.1,2.61,1.34
1,1546924435956,9.19,2.63,1.34
1,1546924435957,9.31,2.55,1.46
1,1546924435957,9.29,2.51,1.52
1,1546924435958,9.25,2.42,1.64
1,1546924435958,9.19,2.3,1.73
1,1546924435966,9.02,2.05,1.97
1,1546924436035,8.94,1.97,2.01
1,1546924436035,8.84,1.99,2.14
1,1546924436036,8.76,1.95,2.18
1,1546924436036,8.63,1.85,2.32
1,1546924436037,8.61,1.79,2.34
1,1546924436037,8.65,1.66,2.34
1,1546924436038,8.67,1.6,2.36
1,1546924436038,8.75,1.81,2.5
1,1546924436102,8.82,1.89,2.59
1,1546924436116,9.02,1.64,2.81
1,1546924436117,9.12,1.5,2.89
1,1546924436117,9.04,1.42,3.2
1,1546924436117,9.1,1.48,3.32
1,1546924436118,9.14,1.5,3.51
1,1546924436118,9.17,1.38,3.75
1,1546924436118,9.17,1.05,4.14
1,1546924436177,9.08,0.91,4.31
1,1546924436177,9.0,0.76,4.53
1,1546924436178,9.08,0.6,4.72
1,1546924436178,9.14,0.66,5.31
1,1546924436178,9.06,0.64,5.95
1,1546924436200,9.0,0.42,7.08
1,1546924436201,9.0,-0.52,8.06
1,1546924436201,9.51,-1.56,8.33
1,1546924436259,10.23,-0.27,7.18
1,1546924436329,10.23,1.62,6.15
1,1546924436409,10.39,4.08,4.98
1,1546924436410,10.21,6.13,4.02
1,1546924436428,9.23,6.26,3.28
1,1546924436429,9.27,4.68,3.16
1,1546924436430,9.49,3.37,3.1
1,1546924436431,9.57,2.89,2.87
1,1546924436431,9.14,3.86,2.16
1,1546924436432,8.82,4.49,1.89
1,1546924436491,8.26,2.53,1.73
1,1546924436492,8.45,2.03,1.71
1,1546924436493,8.55,1.91,1.73
1,1546924436493,8.71,1.69,1.71
1,1546924436493,8.78,1.58,1.75
1,1546924436494,8.8,1.46,2.01
1,1546924436494,8.9,1.36,2.1
1,1546924436560,9.21,1.87,2.01
1,1546924436560,9.35,2.14,1.79
1,1546924436561,9.35,2.28,1.67
1,1546924436562,9.37,2.38,1.67
1,1546924436570,9.43,2.46,1.69
1,1546924436571,9.6,2.24,1.67
1,1546924436571,9.64,2.16,1.67
1,1546924436571,9.68,2.28,1.67
1,1546924436630,9.7,2.46,1.67
1,1546924436631,9.78,2.92,1.73
1,1546924436631,9.78,2.98,1.75
1,1546924436644,9.8,2.94,1.81
1,1546924436644,9.76,2.87,1.85
1,1546924436644,9.64,2.75,1.87
1,1546924436644,9.57,2.69,1.91
1,1546924436645,9.51,2.65,1.87
1,1546924436703,9.47,2.5,1.87
1,1546924436781,9.41,2.12,1.95
1,1546924436781,9.37,1.95,2.01
1,1546924436790,9.37,1.81,2.01
1,1546924436791,9.39,1.73,2.07
1,1546924436791,9.43,1.69,2.07
1,1546924436791,9.51,1.71,2.18
1,1546924436792,9.55,1.79,2.22
1,1546924436792,9.55,1.87,2.2
1,1546924436854,9.57,1.95,2.22
1,1546924436871,9.55,2.61,2.16
1,1546924436871,9.45,2.71,2.2
1,1546924436872,9.29,2.77,2.24
1,1546924436872,9.29,2.79,2.28
1,1546924436872,9.37,2.83,2.28
1,1546924436872,9.37,2.79,2.3
1,1546924436873,9.39,2.83,2.3
1,1546924436930,9.33,2.77,2.32
1,1546924436931,9.33,2.73,2.34
1,1546924436931,9.35,2.73,2.36
1,1546924436932,9.41,2.67,2.34
1,1546924436933,9.55,2.5,2.34
1,1546924436934,9.57,2.42,2.36
1,1546924436935,9.47,2.28,2.36
1,1546924436936,9.41,2.16,2.38
1,1546924437006,9.43,1.95,2.42
1,1546924437006,9.49,1.83,2.42
1,1546924437007,9.6,1.71,2.4
1,1546924437024,9.78,1.73,2.34
1,1546924437024,9.92,1.75,2.36
1,1546924437024,10.09,1.79,2.34
1,1546924437024,10.13,1.81,2.34
1,1546924437024,10.05,1.83,2.34
1,1546924437088,9.94,1.79,2.36
1,1546924437088,9.74,1.69,2.36
1,1546924437089,9.74,1.69,2.34
1,1546924437089,9.76,1.69,2.32
1,1546924437090,9.78,1.71,2.34
1,1546924437090,9.74,1.77,2.32
1,1546924437090,9.7,1.81,2.32
1,1546924437091,9.68,1.77,2.3
1,1546924437154,9.62,1.75,2.3
1,1546924437155,9.43,1.64,2.32
1,1546924437175,9.37,1.56,2.32
1,1546924437176,9.31,1.46,2.32
1,1546924437177,9.25,1.38,2.32
1,1546924437178,9.19,1.34,2.34
1,1546924437179,9.23,1.3,2.34
1,1546924437234,9.25,1.26,2.36
1,1546924437235,9.29,1.25,2.46
1,1546924437235,9.25,1.25,2.51
1,1546924437236,9.14,1.28,2.61
1,1546924437237,9.04,1.32,2.67
1,1546924437237,8.96,1.34,2.71
1,1546924437238,8.86,1.32,2.71
1,1546924437238,8.86,1.21,2.67
1,1546924437306,8.92,1.21,2.67
1,1546924437327,9.02,1.23,2.61
1,1546924437328,9.14,1.21,2.55
1,1546924437329,9.25,1.26,2.53
1,1546924437330,9.31,1.32,2.53
1,1546924437331,9.27,1.36,2.53
1,1546924437331,9.21,1.34,2.59
1,1546924437332,9.21,1.3,2.55
1,1546924437380,9.23,1.32,2.55
1,1546924437381,9.23,1.34,2.55
1,1546924437382,9.23,1.38,2.53
1,1546924437383,9.25,1.46,2.48
1,1546924437383,9.35,1.5,2.48
1,1546924437384,9.39,1.56,2.46
1,1546924437384,9.39,1.64,2.48
1,1546924437461,9.37,1.69,2.48
1,1546924437480,9.16,1.64,2.53
1,1546924437481,9.1,1.54,2.5
1,1546924437482,9.04,1.46,2.53
1,1546924437482,9.06,1.38,2.51
1,1546924437483,9.02,1.36,2.48
1,1546924437484,8.96,1.4,2.48
1,1546924437484,8.94,1.38,2.51
1,1546924437533,8.98,1.42,2.55
1,1546924437533,8.98,1.42,2.53
1,1546924437534,9.17,1.54,2.48
1,1546924437534,9.25,1.6,2.46
1,1546924437535,9.31,1.67,2.42
1,1546924437535,9.33,1.69,2.44
1,1546924437536,9.39,1.73,2.46
1,1546924437608,9.35,1.73,2.51
1,1546924437609,9.37,1.81,2.51
1,1546924437610,9.35,1.83,2.55
1,1546924437611,9.31,1.77,2.65
1,1546924437612,9.31,1.83,2.67
1,1546924437612,9.29,1.97,2.59
1,1546924437613,9.31,2.07,2.57
1,1546924437614,9.29,2.01,2.61
1,1546924437680,9.19,1.69,2.75
1,1546924437761,9.12,1.56,2.81
1,1546924437781,9.14,1.46,2.79
1,1546924437782,9.21,1.52,2.75
1,1546924437783,9.33,1.89,2.59
1,1546924437784,9.37,2.12,2.51
1,1546924437784,9.43,2.26,2.46
1,1546924437785,9.49,2.26,2.44
1,1546924437786,9.39,1.97,2.5
1,1546924437834,9.37,1.81,2.51
1,1546924437836,9.31,1.73,2.53
1,1546924437837,9.06,1.79,2.51
1,1546924437839,9.08,1.87,2.5
1,1546924437840,9.0,2.01,2.57
1,1546924437841,8.94,2.03,2.57
1,1546924437843,8.92,1.97,2.57
1,1546924437844,8.9,1.91,2.61
1,1546924437906,8.98,1.75,2.69
1,1546924437907,9.02,1.77,2.65
1,1546924437908,9.08,1.77,2.65
1,1546924437908,9.06,1.73,2.83
1,1546924437909,9.08,1.71,2.87
1,1546924437910,9.08,1.73,2.91
1,1546924437910,9.08,1.81,2.98
1,1546924437910,9.12,1.81,2.98
1,1546924437982,9.27,1.75,2.96
1,1546924437982,9.39,1.71,2.96
1,1546924437983,9.39,1.62,2.98
1,1546924437983,9.33,1.6,3.02
1,1546924437983,9.19,1.48,3.16
1,1546924437984,9.17,1.38,3.2
1,1546924437984,9.19,1.36,3.32
1,1546924437984,9.21,1.42,3.3
1,1546924438056,9.17,1.81,3.28
1,1546924438066,9.16,2.01,3.32
1,1546924438067,9.17,2.07,3.24
1,1546924438068,9.19,2.08,3.24
1,1546924438069,9.17,1.85,3.2
1,1546924438069,9.12,1.71,3.18
1,1546924438070,9.08,1.58,3.18
1,1546924438070,9.08,1.56,3.18
1,1546924438131,8.98,1.46,3.22
1,1546924438132,8.92,1.42,3.18
1,1546924438153,8.92,1.4,3.14
1,1546924438154,8.9,1.4,3.04
1,1546924438154,8.9,1.42,2.94
1,1546924438155,8.92,1.52,2.85
1,1546924438155,8.84,1.54,2.87
1,1546924438203,8.8,1.54,2.81
1,1546924438203,8.8,1.48,2.75
1,1546924438204,8.82,1.4,2.65
1,1546924438205,8.88,1.38,2.51
1,1546924438205,8.9,1.36,2.4
1,1546924438206,8.98,1.38,2.36
1,1546924438206,9.08,1.3,2.34
1,1546924438207,9.08,1.26,2.34
1,1546924438281,9.08,1.19,2.36
1,1546924438282,9.14,1.19,2.4
1,1546924438282,9.17,1.26,2.4
1,1546924438283,9.16,1.38,2.36
1,1546924438283,9.1,1.42,2.34
1,1546924438304,9.06,1.46,2.36
1,1546924438305,9.06,1.46,2.36
1,1546924438307,9.1,1.56,2.42
1,1546924438356,9.14,1.69,2.4
1,1546924438357,9.16,1.79,2.38
1,1546924438358,9.16,1.85,2.42
1,1546924438359,9.06,1.75,2.48
1,1546924438360,9.08,1.81,2.55
1,1546924438361,9.12,1.97,2.51
1,1546924438362,9.1,2.07,2.4
1,1546924438431,8.96,2.08,2.32
1,1546924438432,8.94,2.03,2.3
1,1546924438432,9.06,2.08,2.32
1,1546924438433,9.19,2.16,2.32
1,1546924438451,9.27,2.34,2.34
1,1546924438451,9.23,2.57,2.34
1,1546924438452,9.21,2.69,2.34
1,1546924438452,9.21,2.81,2.32
1,1546924438505,9.16,3.0,2.34
1,1546924438518,9.1,3.16,2.3
1,1546924438519,9.1,3.12,2.28
1,1546924438519,9.14,3.08,2.26
1,1546924438520,9.14,3.1,2.26
1,1546924438520,9.16,3.22,2.24
1,1546924438520,9.1,3.18,2.26
1,1546924438578,9.0,3.1,2.3
1,1546924438580,8.98,3.0,2.28
1,1546924438580,8.94,2.75,2.12
1,1546924438580,9.06,2.73,1.99
1,1546924438581,9.14,2.77,1.97
1,1546924438581,9.21,2.89,2.01
1,1546924438581,9.23,2.91,2.08
1,1546924438581,9.14,2.65,2.18
1,1546924438656,9.08,2.38,2.22
1,1546924438657,9.06,2.1,2.26
1,1546924438672,9.1,1.95,2.2
1,1546924438673,9.14,1.97,2.12
1,1546924438674,9.19,1.93,2.08
1,1546924438675,9.19,1.83,2.07
1,1546924438729,9.23,1.67,2.08
1,1546924438730,9.27,1.6,2.16
1,1546924438731,9.29,1.58,2.22
1,1546924438731,9.27,1.5,2.24
1,1546924438731,9.29,1.38,2.28
1,1546924438732,9.29,1.13,2.28
1,1546924438732,9.39,1.13,2.3
1,1546924438732,9.47,1.17,2.34
1,1546924438810,9.39,1.17,2.32
1,1546924438812,9.43,1.25,2.34
1,1546924438813,9.47,1.46,2.38
1,1546924438814,9.51,1.6,2.42
1,1546924438814,9.51,1.62,2.32
1,1546924438815,9.6,1.56,2.32
1,1546924438816,9.96,1.42,2.28
1,1546924438817,10.01,1.46,2.14
1,1546924438882,9.96,1.56,1.99
1,1546924438883,9.84,1.75,2.01
1,1546924438885,9.43,1.87,2.03
1,1546924438886,9.23,1.67,2.01
1,1546924438886,9.12,1.44,1.93
1,1546924438887,9.04,1.26,1.83
1,1546924438888,8.98,0.76,1.34
1,1546924438889,8.9,0.6,1.17
1,1546924438953,8.8,0.78,0.97
1,1546924438955,8.71,1.03,0.85
1,1546924438955,8.61,1.26,0.89
1,1546924438956,8.41,1.44,1.05
1,1546924438956,8.45,1.42,0.97
1,1546924438957,8.51,1.25,0.91
1,1546924438957,8.61,1.15,0.78
1,1546924438958,8.8,1.52,0.66
1,1546924439027,8.65,1.69,0.7
1,1546924439028,8.41,1.91,0.78
1,1546924439029,8.12,2.22,0.89
1,1546924439041,7.51,2.28,1.6
1,1546924439041,7.26,1.91,2.07
1,1546924439041,6.99,1.32,2.36
1,1546924439041,6.67,0.78,2.89
1,1546924439042,5.87,-0.42,5.15
