1,1545981999920,-8.32,10.99,10.82
1,1545981999930,-7.3,10.39,9.06
1,1545981999931,-5.97,10.66,8.73
1,1545981999931,-4.66,11.17,8.59
1,1545981999931,-3.61,11.6,8.84
1,1545981999931,-2.08,11.09,9.57
1,1545981999932,-1.91,10.35,9.47
1,1545981999932,-2.36,9.74,9.55
1,1545981999994,-2.75,8.94,9.43
1,1545981999995,-2.73,7.38,8.53
1,1545981999995,-2.63,7.12,7.67
1,1545981999998,-2.65,7.63,6.64
1,1545981999998,-2.69,8.71,5.62
1,1545981999999,-2.87,9.68,4.31
1,1545981999999,-3.2,8.92,4.33
1,1545982000071,-3.47,7.87,4.16
1,1545982000072,-3.67,7.12,3.69
1,1545982000072,-3.82,6.97,2.57
1,1545982000072,-3.86,7.1,1.99
1,1545982000073,-3.76,7.2,1.62
1,1545982000073,-3.67,7.44,1.4
1,1545982000073,-3.3,7.94,1.25
1,1545982000073,-3.16,8.28,1.23
1,1545982000146,-3.24,8.94,1.28
1,1545982000146,-3.49,9.39,1.4
1,1545982000146,-4.08,8.96,1.75
1,1545982000147,-4.37,8.51,1.97
1,1545982000149,-4.57,8.14,2.34
1,1545982000150,-4.84,7.89,2.77
1,1545982000150,-5.37,7.34,2.55
1,1545982000220,-5.64,7.65,2.51
1,1545982000300,-5.95,8.78,2.36
1,1545982000301,-6.17,9.94,2.79
1,1545982000301,-6.25,10.39,3.12
1,1545982000301,-6.44,10.27,3.1
1,1545982000301,-6.83,9.9,2.63
1,1545982000372,-7.3,9.29,2.05
1,1545982000372,-8.04,8.49,1.81
1,1545982000372,-8.47,8.8,1.64
1,1545982000373,-8.73,9.51,1.23
1,1545982000373,-8.73,10.54,0.76
1,1545982000373,-9.35,6.81,-1.58
1,1545982000374,-9.58,6.46,-1.25
1,1545982000374,-9.64,6.26,-1.36
1,1545982000449,-9.78,6.79,-1.62
1,1545982000449,-7.81,5.01,-2.22
1,1545982000450,-8.02,5.15,-1.67
1,1545982000450,-8.55,5.37,-1.25
1,1545982000450,-8.88,5.82,-0.35
1,1545982000522,-8.96,5.8,1.28
1,1545982000537,-8.49,5.31,1.54
1,1545982000538,-7.73,5.21,1.32
1,1545982000538,-6.91,5.52,1.54
1,1545982000538,-6.91,5.25,1.87
1,1545982000539,-7.2,4.68,2.57
1,1545982000539,-7.53,3.65,3.04
1,1545982000539,-7.53,2.73,3.43
1,1545982000595,-6.97,1.32,3.88
1,1545982000595,-7.44,0.91,3.65
1,1545982000596,-8.06,1.25,2.53
1,1545982000596,-8.06,1.56,2.12
1,1545982000597,-7.89,1.38,1.56
1,1545982000597,-7.53,1.15,1.81
1,1545982000598,-7.2,0.68,1.69
1,1545982000603,-7.3,0.31,1.75
1,1545982000670,-7.69,-0.21,2.32
1,1545982000671,-8.0,-0.03,2.55
1,1545982000671,-8.26,1.56,2.01
1,1545982000671,-8.41,1.95,2.3
1,1545982000672,-8.26,2.01,1.95
1,1545982000673,-7.89,1.91,1.25
1,1545982000686,-7.55,1.79,1.17
1,1545982000687,-8.12,0.89,1.19
1,1545982000745,-8.37,-0.25,1.09
1,1545982000745,-8.32,-0.97,1.21
1,1545982000746,-8.14,-0.5,1.21
1,1545982000746,-8.28,0.19,1.23
1,1545982000753,-8.65,1.09,1.25
1,1545982000754,-8.8,1.81,1.23
1,1545982000754,-8.71,2.4,1.19
1,1545982000821,-8.71,2.22,1.19
1,1545982000821,-8.57,1.81,0.93
1,1545982000821,-8.8,1.05,0.99
1,1545982000822,-8.98,0.35,1.13
1,1545982000822,-8.84,-0.54,0.39
1,1545982000838,-9.02,-0.58,0.58
1,1545982000838,-9.25,0.03,0.7
1,1545982000839,-9.39,0.91,0.52
1,1545982000895,-9.47,1.93,1.05
1,1545982000897,-9.12,2.32,0.87
1,1545982000897,-8.88,2.48,0.68
1,1545982000898,-9.12,2.38,0.72
1,1545982000898,-9.39,1.73,-0.5
1,1545982000899,-9.41,1.19,-0.64
1,1545982000899,-9.57,0.58,-0.87
1,1545982000971,-9.51,0.46,-1.07
1,1545982000971,-9.37,0.21,-0.72
1,1545982000989,-9.17,0.09,-1.09
1,1545982000989,-8.88,0.56,-0.93
1,1545982000990,-8.78,1.07,-0.89
1,1545982000990,-8.73,3.04,-1.69
1,1545982000990,-9.21,3.18,-1.71
1,1545982000990,-9.51,2.85,-1.77
1,1545982001045,-9.37,2.34,-1.77
1,1545982001046,-9.31,1.67,-1.67
1,1545982001046,-9.51,1.64,-1.91
1,1545982001056,-9.7,1.56,-2.05
1,1545982001056,-9.6,1.64,-2.05
1,1545982001057,-9.39,2.5,-2.48
1,1545982001057,-9.58,2.73,-2.94
1,1545982001123,-10.0,3.0,-3.08
1,1545982001195,-10.31,3.08,-3.0
1,1545982001195,-9.98,3.04,-3.3
1,1545982001207,-9.94,2.92,-3.2
1,1545982001207,-9.96,2.92,-2.98
1,1545982001208,-9.8,3.0,-2.96
1,1545982001208,-9.7,3.08,-2.96
1,1545982001208,-9.6,3.02,-3.18
1,1545982001208,-9.47,3.02,-3.53
1,1545982001273,-9.66,2.77,-3.3
1,1545982001273,-9.29,2.5,-3.84
1,1545982001274,-8.82,2.59,-3.78
1,1545982001274,-8.59,2.59,-4.08
1,1545982001274,-8.59,2.24,-4.14
1,1545982001274,-8.73,1.64,-3.98
1,1545982001275,-8.63,1.87,-4.25
1,1545982001275,-8.86,2.2,-4.17
1,1545982001346,-9.1,2.85,-4.31
1,1545982001362,-9.16,3.14,-5.01
1,1545982001363,-9.29,3.16,-5.01
1,1545982001363,-9.23,3.2,-5.03
1,1545982001363,-9.12,2.01,-4.62
1,1545982001363,-9.06,1.64,-4.33
1,1545982001364,-8.96,1.64,-4.19
1,1545982001364,-8.76,1.69,-4.0
1,1545982001420,-8.28,2.05,-4.17
1,1545982001425,-8.1,2.36,-4.37
1,1545982001426,-8.14,2.69,-4.84
1,1545982001426,-8.39,2.89,-5.29
1,1545982001426,-8.94,2.42,-5.62
1,1545982001426,-8.53,2.94,-5.23
1,1545982001427,-8.73,2.28,-5.03
1,1545982001427,-8.71,2.46,-4.88
1,1545982001497,-8.53,2.94,-4.96
1,1545982001497,-8.47,3.2,-5.31
1,1545982001498,-8.33,3.22,-5.5
1,1545982001498,-8.41,2.89,-5.54
1,1545982001498,-8.43,2.73,-6.09
1,1545982001498,-8.63,2.48,-6.09
1,1545982001498,-8.71,2.24,-6.03
1,1545982001570,-8.55,2.05,-6.21
1,1545982001571,-8.35,1.38,-5.5
1,1545982001572,-7.94,1.58,-5.6
1,1545982001573,-7.96,2.05,-5.62
1,1545982001573,-8.39,2.42,-5.56
1,1545982001573,-7.92,1.81,-5.72
1,1545982001574,-7.92,1.23,-5.64
1,1545982001574,-7.77,1.23,-5.6
1,1545982001648,-7.67,0.95,-5.48
1,1545982001648,-7.38,-0.07,-4.9
1,1545982001649,-7.24,-0.11,-4.47
1,1545982001650,-6.99,0.64,-4.17
1,1545982001650,-6.75,1.21,-3.57
1,1545982001650,-5.93,2.63,-2.18
1,1545982001651,-5.66,2.92,-1.69
1,1545982001721,-4.94,3.32,-2.34
1,1545982001723,-4.33,3.59,-3.26
1,1545982001723,-4.0,3.22,-4.37
1,1545982001724,-4.0,2.42,-4.62
1,1545982001724,-4.02,2.14,-4.78
1,1545982001725,-3.78,2.63,-5.31
1,1545982001725,-4.02,4.0,-6.67
1,1545982001725,-4.58,4.6,-6.69
1,1545982001795,-5.23,4.94,-6.87
1,1545982001795,-5.52,5.46,-7.01
1,1545982001796,-5.89,6.46,-8.06
1,1545982001796,-6.21,6.38,-8.8
1,1545982001812,-6.62,6.09,-9.14
1,1545982001812,-6.77,5.72,-9.33
1,1545982001812,-6.85,5.31,-9.78
1,1545982001870,-7.07,5.05,-9.41
1,1545982001870,-7.28,4.74,-9.39
1,1545982001871,-7.4,4.6,-9.53
1,1545982001871,-7.24,4.51,-9.78
1,1545982001879,-7.18,4.39,-10.11
1,1545982001880,-7.01,4.53,-10.33
1,1545982001880,-6.95,4.72,-10.29
1,1545982001880,-6.71,5.19,-10.27
1,1545982001946,-6.44,5.64,-10.0
1,1545982001947,-6.05,5.89,-9.8
1,1545982001947,-5.78,5.74,-9.57
1,1545982001948,-5.41,5.91,-9.0
1,1545982001949,-5.33,6.01,-8.98
1,1545982001949,-5.23,6.13,-8.8
1,1545982001949,-5.13,5.99,-8.94
1,1545982002021,-4.9,5.87,-9.02
1,1545982002021,-4.16,5.87,-9.29
1,1545982002021,-4.14,6.03,-9.14
1,1545982002022,-4.16,6.09,-9.1
1,1545982002022,-3.92,6.03,-8.76
1,1545982002022,-3.82,5.91,-8.43
1,1545982002031,-3.61,5.82,-8.1
1,1545982002031,-3.43,5.83,-7.87
1,1545982002096,-3.39,5.76,-7.81
1,1545982002096,-3.39,6.38,-7.94
1,1545982002096,-3.39,6.64,-8.16
1,1545982002097,-3.59,6.67,-8.06
1,1545982002097,-3.8,6.71,-8.1
1,1545982002097,-3.53,6.93,-8.2
1,1545982002116,-3.49,6.91,-8.16
1,1545982002170,-3.49,6.81,-7.87
1,1545982002171,-3.47,6.71,-7.55
1,1545982002182,-3.49,7.28,-7.34
1,1545982002182,-3.53,7.55,-7.4
1,1545982002182,-3.61,7.75,-7.42
1,1545982002182,-3.61,7.85,-7.55
1,1545982002183,-3.57,7.34,-7.55
1,1545982002183,-3.63,7.1,-7.51
1,1545982002246,-3.76,7.01,-7.34
1,1545982002247,-4.02,6.95,-7.03
1,1545982002267,-4.47,7.08,-6.19
1,1545982002267,-4.62,7.01,-5.91
1,1545982002268,-4.8,6.97,-5.72
1,1545982002268,-4.98,6.6,-5.66
1,1545982002268,-5.91,5.76,-5.72
1,1545982002321,-6.52,6.11,-6.13
1,1545982002321,-7.14,6.54,-6.54
1,1545982002333,-7.75,6.73,-6.71
1,1545982002333,-8.12,6.97,-6.97
1,1545982002333,-7.69,6.93,-6.83
1,1545982002333,-7.16,6.71,-6.66
1,1545982002334,-6.73,6.38,-6.4
1,1545982002334,-6.48,5.05,-5.87
1,1545982002395,-6.58,4.14,-5.6
1,1545982002395,-6.77,3.32,-5.52
1,1545982002471,-6.85,3.22,-5.58
1,1545982002472,-6.52,4.57,-5.85
1,1545982002472,-6.26,5.48,-5.76
1,1545982002473,-5.97,6.19,-5.52
1,1545982002473,-5.66,6.36,-5.25
1,1545982002473,-4.76,6.52,-4.33
1,1545982002473,-4.49,6.73,-3.94
1,1545982002473,-4.27,6.83,-3.84
1,1545982002545,-4.29,6.67,-3.61
1,1545982002553,-3.63,7.61,-3.22
1,1545982002555,-3.63,7.75,-2.89
1,1545982002555,-3.61,7.65,-2.67
1,1545982002555,-3.53,7.5,-2.51
1,1545982002556,-3.51,7.42,-2.4
1,1545982002556,-3.63,7.5,-2.32
1,1545982002556,-3.84,7.53,-2.44
1,1545982002621,-4.1,7.71,-2.44
1,1545982002638,-4.51,8.08,-2.32
1,1545982002638,-4.7,8.53,-2.05
1,1545982002639,-4.76,9.14,-1.56
1,1545982002639,-4.58,9.45,-1.26
1,1545982002639,-4.06,9.31,-0.85
1,1545982002639,-3.8,9.17,-1.05
1,1545982002639,-3.67,9.25,-1.11
1,1545982002695,-3.59,9.39,-1.62
1,1545982002696,-3.47,9.76,-1.64
1,1545982002696,-3.26,9.58,-1.46
1,1545982002703,-3.06,9.23,-0.83
1,1545982002703,-2.79,9.0,0.07
1,1545982002703,-2.08,8.98,1.21
1,1545982002703,-1.77,8.9,1.28
1,1545982002770,-1.69,8.63,1.5
1,1545982002787,-1.67,8.26,1.48
1,1545982002788,-1.83,8.43,1.15
1,1545982002788,-1.89,8.73,0.95
1,1545982002788,-1.83,8.84,0.95
1,1545982002789,-1.6,8.67,0.87
1,1545982002789,-1.01,8.2,1.17
1,1545982002789,-0.72,8.12,1.28
1,1545982002845,-0.35,8.18,1.56
1,1545982002845,-0.05,8.12,1.97
1,1545982002854,0.54,8.24,2.55
1,1545982002854,0.85,8.73,2.83
1,1545982002854,2.36,10.11,2.85
1,1545982002855,3.22,10.44,2.65
1,1545982002855,4.53,9.8,2.24
1,1545982002920,5.23,9.35,2.48
1,1545982002942,5.41,8.39,2.69
1,1545982002942,5.25,7.65,3.3
1,1545982002942,6.17,8.51,3.53
1,1545982002943,6.95,8.94,4.0
1,1545982002943,7.87,9.27,4.08
1,1545982002943,8.06,9.21,3.88
1,1545982002943,7.44,7.92,3.67
1,1545982002995,7.03,7.18,3.45
1,1545982002995,6.85,6.64,3.53
1,1545982003086,6.93,6.26,3.37
1,1545982003086,7.24,5.87,3.49
1,1545982003087,7.16,5.85,3.78
1,1545982003087,7.03,5.91,3.78
1,1545982003087,6.87,6.03,3.73
1,1545982003087,6.71,6.09,3.12
1,1545982003087,6.95,5.99,2.65
1,1545982003087,6.81,5.5,2.14
1,1545982003155,7.96,5.39,1.71
1,1545982003155,7.18,3.92,1.03
1,1545982003156,6.38,4.16,3.37
1,1545982003156,6.48,5.01,3.9
1,1545982003156,6.62,5.68,4.14
1,1545982003156,6.67,5.93,4.27
1,1545982003156,6.79,5.66,4.55
1,1545982003157,6.95,5.37,4.21
1,1545982003248,6.99,5.09,3.96
1,1545982003249,6.93,4.64,3.76
1,1545982003249,6.62,3.28,3.51
1,1545982003249,6.52,2.63,3.69
1,1545982003250,6.77,2.24,4.21
1,1545982003250,7.26,1.85,4.29
1,1545982003250,8.71,1.28,4.27
1,1545982003250,9.35,0.95,4.14
1,1545982003372,9.78,0.52,4.19
1,1545982003391,10.17,0.03,4.23
1,1545982003391,10.64,-0.48,4.57
1,1545982003392,10.91,-0.25,4.25
1,1545982003392,11.3,0.5,3.92
1,1545982003392,11.62,1.46,3.55
1,1545982003393,12.05,3.63,3.08
1,1545982003393,12.22,4.82,3.75
1,1545982003446,12.77,6.32,3.84
1,1545982003453,-6.89,56.99,49.58
1,1545982003454,-0.62,58.47,22.4
1,1545982003454,17.07,28.08,-2.03
1,1545982003454,16.11,9.23,-6.26
1,1545982003454,13.33,-12.48,-13.32
1,1545982003454,11.52,-17.42,-0.11
1,1545982003454,8.39,-14.39,5.23
1,1545982003524,4.98,-7.71,1.83
1,1545982003525,3.08,0.35,-1.17
1,1545982003525,5.7,0.52,-2.2
1,1545982003525,8.24,-0.76,-2.69
1,1545982003526,9.39,-1.97,-1.93
1,1545982003526,7.83,-2.03,1.38
1,1545982003527,6.77,-0.64,2.75
1,1545982003528,6.3,1.03,3.16
1,1545982003595,6.44,2.32,3.12
1,1545982003609,6.73,2.96,1.95
1,1545982003610,7.1,2.32,1.93
1,1545982003610,7.3,1.26,1.93
1,1545982003610,7.16,0.13,1.64
1,1545982003610,6.67,-1.15,0.5
1,1545982003611,6.46,-1.03,-0.74
1,1545982003611,6.95,-0.07,-1.97
1,1545982003748,8.2,1.6,-3.35
1,1545982003749,11.83,5.19,-6.01
1,1545982003749,13.22,6.5,-6.6
1,1545982003750,14.35,7.59,-7.1
1,1545982003750,15.39,8.45,-6.81
1,1545982003750,16.34,7.85,-5.42
1,1545982003750,16.85,6.54,-4.39
1,1545982003750,17.94,5.41,-3.41
1,1545982003826,19.96,5.17,-2.57
1,1545982003827,25.03,7.61,-1.91
1,1545982003827,24.74,7.22,0.03
1,1545982003827,22.53,5.64,-0.91
1,1545982003827,20.91,6.67,-0.15
1,1545982003827,20.29,32.73,8.53
1,1545982003828,32.51,-13.71,-19.78
1,1545982003828,4.08,-0.93,3.63
1,1545982003895,14.8,8.43,-7.65
1,1545982003896,24.16,8.47,1.38
1,1545982003971,28.18,14.58,-0.37
1,1545982003972,18.26,9.6,-7.2
1,1545982003972,7.34,2.26,-1.05
1,1545982003973,9.19,3.73,-2.12
1,1545982003974,11.32,4.0,-4.64
1,1545982003974,11.54,3.08,-4.19
1,1545982003974,9.02,0.39,-2.96
1,1545982003974,7.81,-0.89,-2.2
1,1545982004047,7.24,-1.48,-1.99
1,1545982004048,5.0,-2.79,-1.38
1,1545982004048,5.09,-2.69,-1.48
1,1545982004049,5.07,-2.71,-1.58
1,1545982004049,4.64,-2.59,-1.64
1,1545982004049,4.33,-2.34,-1.6
1,1545982004049,4.1,-1.97,-1.69
1,1545982004050,3.86,-1.58,-1.62
1,1545982004129,3.82,-0.99,-1.4
1,1545982004130,4.06,-0.62,-1.4
1,1545982004130,4.25,-0.33,-1.38
1,1545982004130,4.23,-0.19,-1.21
1,1545982004131,3.98,0.03,-0.97
1,1545982004131,3.96,0.11,-0.89
1,1545982004131,3.94,0.17,-0.78
1,1545982004132,3.86,0.21,-0.76
1,1545982004197,3.88,0.39,-0.76
1,1545982004198,4.02,0.5,-0.89
1,1545982004198,4.12,0.58,-0.95
1,1545982004198,4.23,0.62,-0.87
1,1545982004199,4.51,0.62,-0.89
1,1545982004199,4.66,0.56,-0.82
1,1545982004199,4.76,0.48,-0.66
1,1545982004274,5.03,0.44,-0.56
1,1545982004274,5.82,0.42,-0.29
1,1545982004274,6.26,0.39,-0.33
1,1545982004275,6.73,0.33,-0.46
1,1545982004275,7.08,0.25,-0.64
1,1545982004275,7.26,0.42,-1.11
1,1545982004276,7.3,0.41,-1.09
1,1545982004276,7.05,0.64,-1.05
1,1545982004347,6.64,1.01,-1.07
1,1545982004347,5.7,1.83,-0.97
1,1545982004348,5.31,2.16,-0.91
1,1545982004348,5.15,2.32,-0.78
1,1545982004348,5.33,2.34,-0.62
1,1545982004349,6.13,2.12,-0.58
1,1545982004349,6.54,1.97,-0.5
1,1545982004432,6.95,1.89,-0.46
1,1545982004432,7.42,1.87,-0.5
1,1545982004432,8.47,1.99,-0.93
1,1545982004433,8.82,2.08,-1.15
1,1545982004433,9.04,2.12,-1.4
1,1545982004433,9.19,2.08,-1.66
1,1545982004433,9.6,1.89,-2.18
1,1545982004434,9.84,1.71,-2.38
1,1545982004497,10.48,1.77,-2.59
1,1545982004498,11.3,1.81,-2.81
1,1545982004498,12.32,2.01,-2.96
1,1545982004498,14.25,2.63,-3.24
1,1545982004499,15.0,3.16,-3.33
1,1545982004499,15.54,3.75,-3.39
1,1545982004499,15.85,4.6,-3.59
1,1545982004573,15.52,6.19,-3.3
1,1545982004574,14.9,6.6,-3.18
1,1545982004574,14.27,6.77,-3.02
1,1545982004575,13.73,6.75,-2.91
1,1545982004575,12.87,6.66,-2.65
1,1545982004575,12.36,6.62,-2.53
1,1545982004576,11.79,6.48,-2.36
1,1545982004576,11.28,6.23,-2.24
1,1545982004649,10.68,5.46,-2.1
1,1545982004649,10.52,5.09,-1.97
1,1545982004650,10.42,4.86,-1.83
1,1545982004650,10.44,4.66,-1.73
1,1545982004651,10.56,4.21,-1.48
1,1545982004734,10.72,3.9,-1.3
1,1545982004735,10.85,3.65,-1.17
1,1545982004735,11.03,3.35,-1.01
1,1545982004735,11.13,3.2,-0.72
1,1545982004736,11.17,3.04,-0.62
1,1545982004736,11.23,2.65,-0.37
1,1545982004736,11.3,2.5,0.19
1,1545982004736,10.83,2.4,0.25
1,1545982004801,10.44,2.4,0.33
1,1545982004801,10.09,2.4,0.39
1,1545982004802,9.86,2.32,0.42
1,1545982004802,9.53,2.26,0.42
1,1545982004802,9.45,2.32,0.35
1,1545982004803,9.35,2.4,0.33
1,1545982004803,9.23,2.48,0.23
1,1545982004803,8.98,2.67,0.07
1,1545982004874,8.84,2.77,0.01
1,1545982004888,8.78,2.91,-0.11
1,1545982004889,8.76,3.06,-0.11
1,1545982004890,8.88,3.28,-0.25
1,1545982004890,9.02,3.32,-0.42
1,1545982004890,9.23,3.32,-0.5
1,1545982004891,9.47,3.26,-0.56
1,1545982004891,9.9,3.26,-0.41
1,1545982004950,10.01,3.28,-0.27
1,1545982004951,10.11,3.24,-0.23
1,1545982004952,10.27,3.18,-0.21
1,1545982004952,10.7,3.06,-0.05
1,1545982004953,10.62,3.04,0.17
1,1545982004954,10.44,3.02,0.44
1,1545982004954,10.31,3.16,0.68
1,1545982004955,10.52,3.43,0.99
1,1545982005042,10.89,3.47,1.03
1,1545982005044,11.19,3.45,1.11
1,1545982005045,11.34,3.41,1.19
1,1545982005046,11.4,3.35,1.23
1,1545982005047,11.42,3.33,1.23
1,1545982005048,11.42,3.3,1.21
1,1545982005049,11.5,3.12,1.3
1,1545982005049,11.6,2.65,1.32
1,1545982005098,11.58,2.51,1.28
1,1545982005100,11.89,1.99,1.23
1,1545982005100,12.44,1.5,1.21
1,1545982005101,13.43,0.46,1.21
1,1545982005102,13.67,0.0,1.09
1,1545982005103,13.75,-0.41,0.91
1,1545982005104,13.69,-0.62,0.74
1,1545982005174,13.08,-0.39,0.64
1,1545982005175,12.46,-0.01,0.64
1,1545982005255,11.5,0.31,0.56
1,1545982005256,9.98,0.56,0.76
1,1545982005256,6.69,1.07,0.42
1,1545982005257,5.58,1.21,0.42
1,1545982005257,5.31,1.21,0.17
1,1545982005258,5.93,1.03,-0.01
1,1545982005258,8.96,0.44,-0.15
1,1545982005259,10.37,0.13,-0.09
1,1545982005339,11.28,0.07,0.01
1,1545982005340,11.77,0.19,0.09
1,1545982005340,12.26,2.44,0.41
1,1545982005341,10.78,3.3,0.46
1,1545982005341,9.58,3.22,0.58
1,1545982005341,8.39,2.85,0.56
1,1545982005342,7.4,2.42,0.6
1,1545982005342,6.3,1.81,0.52
1,1545982005399,6.05,1.56,0.52
1,1545982005407,5.95,1.32,0.48
1,1545982005408,5.95,1.09,0.56
1,1545982005409,5.99,0.78,0.7
1,1545982005410,5.99,0.72,0.82
1,1545982005410,6.23,0.68,0.97
1,1545982005411,6.48,0.74,1.03
1,1545982005411,7.03,1.01,1.01
1,1545982005472,7.24,1.15,0.89
1,1545982005472,7.42,1.32,0.74
1,1545982005473,7.57,1.4,0.68
1,1545982005473,7.75,1.44,0.39
1,1545982005473,7.81,1.36,0.25
1,1545982005474,7.92,1.32,0.15
1,1545982005474,8.06,1.34,0.09
1,1545982005475,8.69,2.08,-0.01
1,1545982005550,8.98,2.79,-0.11
1,1545982005551,9.16,3.33,-0.05
1,1545982005551,9.29,3.55,0.17
1,1545982005552,9.45,2.94,0.7
1,1545982005552,9.55,2.34,1.09
1,1545982005553,9.72,1.95,1.23
1,1545982005553,9.96,1.85,1.23
1,1545982005554,10.74,2.05,1.25
1,1545982005644,11.15,2.18,1.23
1,1545982005645,11.56,2.2,1.21
1,1545982005646,11.75,2.24,1.19
1,1545982005646,11.93,2.34,1.21
1,1545982005646,11.93,2.36,1.19
1,1545982005647,11.91,2.4,1.11
1,1545982005647,11.85,2.38,1.07
1,1545982005647,11.54,2.24,0.74
1,1545982005698,11.46,2.18,0.58
1,1545982005699,11.32,2.16,0.41
1,1545982005700,11.25,2.2,0.29
1,1545982005700,10.97,2.24,0.13
1,1545982005701,10.78,2.26,0.09
1,1545982005701,10.52,2.42,0.07
1,1545982005702,10.33,2.57,-0.11
1,1545982005775,10.46,2.98,-0.35
1,1545982005777,10.99,3.18,-0.37
1,1545982005779,11.73,3.3,-0.37
1,1545982005781,12.5,3.47,-0.37
1,1545982005782,13.53,4.08,-0.35
1,1545982005783,14.0,4.43,-0.29
1,1545982005784,14.55,4.78,0.03
1,1545982005784,15.0,5.82,0.35
1,1545982005852,13.73,7.75,0.62
1,1545982005853,11.99,7.81,0.7
1,1545982005853,10.13,7.3,0.72
1,1545982005886,8.59,6.6,0.78
1,1545982005888,6.62,5.56,0.74
1,1545982005889,6.23,5.21,0.74
1,1545982005889,6.07,4.96,0.48
1,1545982005933,6.42,4.57,0.27
1,1545982005933,8.0,3.39,-0.31
1,1545982005934,9.04,2.79,-0.64
1,1545982005934,10.13,2.3,-0.99
1,1545982005934,10.97,2.61,-1.3
1,1545982005935,11.95,2.08,-1.89
1,1545982005935,14.45,1.13,-2.26
1,1545982005935,15.89,0.91,-2.3
1,1545982005996,17.3,0.95,-2.46
1,1545982006010,19.53,1.13,-2.71
1,1545982006010,19.68,1.07,-2.55
1,1545982006010,18.76,0.87,-2.22
1,1545982006011,17.22,0.66,-1.77
1,1545982006011,13.84,0.42,-0.5
1,1545982006011,12.96,0.5,-0.05
1,1545982006164,12.53,0.68,0.23
1,1545982006166,12.38,0.91,0.31
1,1545982006167,11.81,1.17,0.46
1,1545982006168,11.38,1.25,0.31
1,1545982006169,10.99,1.34,0.19
1,1545982006245,10.74,1.44,0.05
1,1545982006246,10.56,1.64,-0.15
1,1545982006246,10.35,2.07,-0.6
1,1545982006247,10.13,2.18,-0.82
1,1545982006247,9.9,2.3,-0.99
1,1545982006247,8.73,2.14,-0.31
1,1545982006248,8.57,1.89,-0.03
1,1545982006248,8.39,1.58,0.21
1,1545982006300,8.18,1.25,0.39
1,1545982006301,7.07,-0.01,0.89
1,1545982006301,6.91,-0.5,0.85
1,1545982006302,6.91,-0.72,0.82
1,1545982006302,6.95,-0.85,0.83
1,1545982006302,7.08,-1.05,0.95
1,1545982006302,7.08,-1.09,0.85
1,1545982006303,6.95,-1.07,0.7
1,1545982006378,6.79,-1.05,0.6
1,1545982006379,6.75,-1.03,0.39
1,1545982006380,6.75,-0.82,0.11
1,1545982006380,6.79,-0.6,-0.05
1,1545982006381,6.77,-0.31,-0.05
1,1545982006382,6.77,0.05,-0.01
1,1545982006382,6.91,0.76,-0.13
1,1545982006402,7.16,0.91,-0.15
1,1545982006475,7.61,1.03,-0.09
1,1545982006475,8.18,1.09,0.0
1,1545982006476,10.0,0.99,-0.21
1,1545982006476,11.21,1.09,-0.44
1,1545982006476,12.67,1.38,-0.56
1,1545982006476,14.58,1.75,-0.7
1,1545982006477,18.3,2.91,-1.26
1,1545982006477,19.0,3.61,-1.44
1,1545982006527,18.43,4.17,-1.46
1,1545982006529,16.77,4.55,-1.26
1,1545982006530,13.3,4.6,-0.8
1,1545982006531,12.22,4.39,-0.78
1,1545982006532,11.36,4.04,-0.99
1,1545982006533,10.87,3.65,-1.11
1,1545982006551,10.6,2.89,-0.72
1,1545982006551,10.99,2.65,-0.37
1,1545982006610,11.75,2.71,0.01
1,1545982006611,12.67,2.92,0.21
1,1545982006611,13.96,3.41,0.37
1,1545982006612,14.0,3.53,0.21
1,1545982006612,13.9,3.49,-0.09
1,1545982006613,13.76,3.39,-0.56
1,1545982006613,13.22,3.02,-1.17
1,1545982006670,12.73,2.81,-1.38
1,1545982006670,12.28,2.44,-1.56
1,1545982006750,11.89,1.79,-1.6
1,1545982006751,11.28,1.25,-1.73
1,1545982006780,11.07,1.26,-1.64
1,1545982006782,10.39,1.4,-1.5
1,1545982006783,9.84,1.54,-1.38
1,1545982006784,8.88,1.93,-1.25
1,1545982006785,8.51,2.16,-1.26
1,1545982006786,8.24,2.36,-1.3
1,1545982006841,8.08,2.61,-1.26
1,1545982006842,7.87,3.02,-1.3
1,1545982006842,7.3,3.47,-1.03
1,1545982006843,7.24,3.47,-1.09
1,1545982006843,7.18,3.43,-1.07
1,1545982006844,7.2,3.37,-0.93
1,1545982006845,7.75,3.26,-0.48
1,1545982006845,7.96,3.14,-0.35
1,1545982006899,8.06,3.06,-0.15
1,1545982006918,8.14,3.04,-0.01
1,1545982006919,8.63,3.22,0.41
1,1545982006919,9.04,3.35,0.58
1,1545982006919,9.41,3.55,0.62
1,1545982006919,9.66,3.69,0.82
1,1545982006920,9.82,3.78,1.01
1,1545982006920,9.9,3.84,1.03
1,1545982006973,10.05,3.88,1.07
1,1545982006985,10.27,3.9,1.11
1,1545982006986,10.78,4.04,1.19
1,1545982006986,10.93,4.06,1.21
1,1545982006986,11.15,4.0,1.23
1,1545982006986,11.28,3.92,1.23
1,1545982006986,11.44,3.32,1.23
1,1545982006987,11.54,2.89,1.21
1,1545982007049,11.25,2.87,1.19
1,1545982007051,11.56,2.18,1.19
1,1545982007052,12.18,1.17,1.21
1,1545982007053,12.4,0.93,1.13
1,1545982007053,12.38,0.82,0.87
1,1545982007054,12.42,0.82,0.54
1,1545982007055,13.06,1.01,0.0
1,1545982007056,13.86,1.25,-0.11
1,1545982007126,14.76,1.58,0.17
1,1545982007127,15.54,2.12,0.54
1,1545982007129,15.41,3.71,1.21
1,1545982007130,14.12,4.39,1.3
1,1545982007130,12.24,4.8,1.44
1,1545982007130,10.66,4.84,1.52
1,1545982007131,9.23,4.21,1.23
1,1545982007131,9.16,3.78,1.23
1,1545982007196,9.31,3.41,1.23
1,1545982007221,9.58,3.04,1.21
1,1545982007221,10.6,2.03,1.13
1,1545982007221,11.28,1.56,0.95
1,1545982007222,12.05,1.11,0.6
1,1545982007222,12.69,1.07,0.52
1,1545982007222,14.43,0.25,-0.03
1,1545982007275,15.25,-0.27,-0.01
1,1545982007276,16.09,-0.48,0.19
1,1545982007276,16.83,-0.5,0.25
1,1545982007277,17.71,-0.11,0.07
1,1545982007277,17.83,0.07,-0.15
1,1545982007277,17.81,0.13,-0.5
1,1545982007278,17.57,0.09,-0.83
1,1545982007278,16.75,-0.01,-1.56
1,1545982007348,16.34,0.11,-1.81
1,1545982007375,15.97,0.17,-2.14
1,1545982007376,15.58,0.09,-2.46
1,1545982007376,14.51,-0.25,-2.65
1,1545982007376,13.84,-0.58,-2.59
1,1545982007376,13.04,-0.99,-2.67
1,1545982007377,12.4,-1.36,-2.69
1,1545982007425,11.79,-2.98,-2.5
1,1545982007441,11.36,-3.51,-2.69
1,1545982007441,10.87,-3.94,-2.96
1,1545982007441,10.23,-4.25,-3.45
1,1545982007442,8.96,-4.27,-4.66
1,1545982007442,8.32,-3.51,-4.64
1,1545982007442,7.67,-1.91,-4.27
1,1545982007442,6.81,0.03,-4.16
1,1545982007496,4.98,4.25,-3.9
1,1545982007496,3.94,4.86,-2.83
1,1545982007506,3.22,3.39,-1.99
1,1545982007507,3.02,0.41,-1.46
1,1545982007508,3.08,-5.39,-0.17
1,1545982007508,3.51,-6.89,0.37
1,1545982007509,4.0,-6.95,1.01
1,1545982007573,4.72,-5.87,1.38
1,1545982007574,6.89,-3.1,2.92
1,1545982007650,9.23,-2.2,4.94
1,1545982007676,11.75,-1.62,7.03
1,1545982007677,13.41,-1.28,8.18
1,1545982007677,15.39,-2.3,11.28
1,1545982007677,16.87,-4.82,12.4
1,1545982007677,19.04,-6.93,13.84
1,1545982007678,20.89,-8.0,15.21
1,1545982007679,20.42,-7.87,19.27
1,1545982007726,19.12,-7.12,20.64
1,1545982007727,18.88,-6.64,21.95
1,1545982007728,26.85,-7.12,17.03
1,1545982007728,29.08,-5.93,14.51
1,1545982007729,33.8,-0.74,9.6
1,1545982007756,34.78,2.24,7.5
1,1545982007756,34.78,4.23,5.95
1,1545982007756,34.84,5.03,4.49
1,1545982007799,34.23,4.6,2.16
1,1545982007808,33.26,4.31,1.25
1,1545982007808,31.66,4.25,1.05
1,1545982007808,29.7,4.58,0.6
1,1545982007809,26.25,5.72,-0.29
1,1545982007809,24.92,5.93,-0.44
1,1545982007809,23.65,6.25,-0.25
1,1545982007809,22.2,6.56,0.15
1,1545982007872,18.78,7.24,-0.66
1,1545982007873,17.38,7.51,-1.52
1,1545982007874,16.19,7.65,-2.81
1,1545982007874,15.01,7.63,-3.26
1,1545982007875,13.69,7.51,-3.71
1,1545982007875,10.78,7.57,-2.59
1,1545982007875,9.45,7.69,-1.89
1,1545982007876,8.51,7.59,-0.66
1,1545982007946,8.14,7.1,0.23
1,1545982007947,8.14,5.52,0.44
1,1545982008025,7.61,5.15,-0.46
1,1545982008026,6.81,5.29,-1.28
1,1545982008026,5.76,5.52,-2.08
1,1545982008026,3.32,6.01,-3.14
1,1545982008027,0.62,5.39,-3.73
1,1545982008027,-1.38,3.43,-3.49
1,1545982008028,-2.34,2.16,-3.3
1,1545982008029,-4.06,0.5,-1.95
1,1545982008121,-4.9,0.5,-1.79
1,1545982008122,-5.6,1.13,-1.91
1,1545982008122,-4.04,3.65,-2.28
1,1545982008123,-3.96,3.24,-2.36
1,1545982008123,-4.16,2.1,-2.81
1,1545982008123,-4.14,1.64,-2.96
1,1545982008124,-3.94,1.26,-3.1
1,1545982008124,-3.69,0.89,-3.41
1,1545982008172,-3.61,-0.42,-4.12
1,1545982008194,-3.96,-1.11,-4.25
1,1545982008195,-3.84,-0.99,-4.55
1,1545982008195,-2.91,0.62,-5.35
1,1545982008195,-2.48,1.54,-5.97
1,1545982008195,-2.18,2.3,-6.62
1,1545982008196,-1.93,2.67,-7.08
1,1545982008196,-1.05,2.69,-7.14
1,1545982008250,-0.25,2.61,-7.12
1,1545982008251,0.56,2.53,-7.18
1,1545982008251,1.21,2.51,-7.18
1,1545982008251,3.32,2.34,-7.26
1,1545982008251,4.27,2.22,-7.3
1,1545982008252,5.19,2.03,-7.65
1,1545982008252,5.91,1.87,-7.83
1,1545982008259,7.87,1.95,-7.59
1,1545982008321,9.19,2.08,-7.28
1,1545982008322,10.85,2.05,-6.67
1,1545982008322,12.51,1.77,-6.28
1,1545982008347,16.83,1.25,-5.13
1,1545982008349,19.21,1.11,-4.23
1,1545982008350,21.71,1.69,-1.38
1,1545982008350,24.19,3.78,1.36
1,1545982008351,27.01,8.69,2.03
1,1545982008398,26.17,8.28,1.95
1,1545982008399,25.48,6.26,1.6
1,1545982008411,25.46,4.41,0.54
1,1545982008412,28.86,0.31,-2.59
1,1545982008413,31.99,-1.6,-4.1
1,1545982008413,35.21,-3.45,-4.39
1,1545982008414,36.97,-4.94,-3.0
1,1545982008476,33.78,-5.01,0.48
1,1545982008477,32.81,-3.32,0.85
1,1545982008477,33.06,-1.85,0.42
1,1545982008478,33.51,-0.91,-0.52
1,1545982008497,32.44,2.81,-2.42
1,1545982008498,30.7,5.29,-2.91
1,1545982008498,28.96,8.04,-3.0
1,1545982008499,27.75,11.01,-2.16
1,1545982008549,25.13,17.69,3.04
1,1545982008551,27.89,16.83,16.44
1,1545982008552,51.58,14.23,89.76
1,1545982008552,19.68,0.72,10.37
1,1545982008553,29.02,41.46,-39.55
1,1545982008554,29.14,71.23,-6.48
1,1545982008554,16.79,54.04,-4.94
1,1545982008626,20.25,22.75,-7.48
1,1545982008627,23.82,7.91,-4.41
1,1545982008628,17.73,8.53,-5.19
1,1545982008629,11.3,7.12,-4.45
1,1545982008629,8.22,6.64,-3.76
1,1545982008630,7.73,7.07,-6.69
1,1545982008630,8.18,5.25,-8.06
1,1545982008631,7.69,3.84,-8.59
1,1545982008699,6.91,3.9,-8.86
1,1545982008701,7.55,2.48,-8.33
1,1545982008714,8.04,0.41,-8.04
1,1545982008714,8.49,-1.99,-7.22
1,1545982008715,9.16,-4.92,-5.93
1,1545982008715,10.85,-9.55,-2.83
1,1545982008715,12.08,-10.33,-1.36
1,1545982008774,12.61,-9.94,-0.07
1,1545982008775,12.61,-9.1,1.11
1,1545982008775,12.32,-7.67,1.83
1,1545982008776,12.36,-7.38,2.38
1,1545982008776,12.44,-6.95,2.96
1,1545982008776,12.16,-6.28,3.12
1,1545982008777,10.83,-3.92,2.28
1,1545982008777,10.01,-2.36,1.34
1,1545982008850,9.51,-0.87,0.5
1,1545982008851,9.39,0.68,-0.78
1,1545982008852,9.55,3.59,-2.71
1,1545982008852,9.51,4.62,-3.37
1,1545982008872,9.27,5.6,-3.92
1,1545982008874,9.23,6.28,-4.23
1,1545982008875,10.23,6.21,-5.07
1,1545982008924,10.8,5.62,-5.33
1,1545982008925,11.05,5.09,-5.41
1,1545982008926,11.01,4.66,-5.58
1,1545982008927,11.07,4.43,-5.82
1,1545982008946,11.38,4.51,-5.91
1,1545982008947,11.71,4.45,-5.93
1,1545982008947,11.99,4.23,-5.8
1,1545982008947,12.08,2.34,-5.07
1,1545982008995,12.34,3.0,-4.57
1,1545982008996,12.28,3.3,-4.39
1,1545982008997,12.16,2.98,-4.0
1,1545982008997,11.36,1.42,-2.89
1,1545982008997,10.76,0.82,-2.28
1,1545982008998,10.21,0.52,-1.85
1,1545982008998,9.76,0.44,-1.48
1,1545982009074,9.02,0.44,-0.99
1,1545982009084,8.82,0.29,-0.74
1,1545982009085,8.65,0.05,-0.56
1,1545982009085,8.53,-0.03,-0.42
1,1545982009085,8.32,0.33,-0.56
1,1545982009086,8.33,0.74,-0.74
1,1545982009086,8.35,1.13,-0.89
1,1545982009086,8.32,1.5,-0.97
1,1545982009150,8.28,1.71,-1.09
1,1545982009151,8.41,1.99,-1.11
1,1545982009152,8.47,2.07,-1.07
1,1545982009152,8.47,2.14,-0.99
1,1545982009153,8.47,2.18,-0.93
1,1545982009153,8.53,2.12,-0.85
1,1545982009153,8.65,2.16,-0.7
1,1545982009224,8.61,2.08,-0.54
1,1545982009225,8.47,2.1,-0.25
1,1545982009226,8.12,2.08,0.25
1,1545982009226,7.94,2.03,0.48
1,1545982009227,8.0,1.93,0.7
1,1545982009227,7.98,1.81,1.03
1,1545982009228,8.04,1.54,1.23
1,1545982009228,8.1,1.4,1.23
1,1545982009305,8.18,1.25,1.25
1,1545982009322,8.3,1.09,1.38
1,1545982009323,8.49,0.83,1.64
1,1545982009323,8.57,0.78,1.73
1,1545982009324,8.71,0.76,1.71
1,1545982009324,8.96,0.76,1.66
1,1545982009324,9.55,0.54,1.44
1,1545982009374,9.78,0.44,1.36
1,1545982009374,10.01,0.31,1.25
1,1545982009375,10.29,0.19,1.23
1,1545982009375,10.99,0.09,1.09
1,1545982009375,11.46,0.17,0.97
1,1545982009376,11.93,0.31,0.99
1,1545982009376,12.34,0.46,0.99
1,1545982009376,12.81,0.91,1.13
1,1545982009450,12.87,1.15,1.15
1,1545982009451,12.91,1.36,1.05
1,1545982009528,13.16,1.54,1.01
1,1545982009529,14.23,1.71,1.21
1,1545982009531,14.53,1.75,1.23
1,1545982009532,14.47,1.77,1.19
1,1545982009533,14.16,1.71,1.09
1,1545982009534,13.86,1.54,0.82
1,1545982009535,14.1,1.44,0.64
1,1545982009536,14.35,1.38,0.52
1,1545982009600,14.37,1.26,0.46
1,1545982009601,13.32,1.21,0.7
1,1545982009603,10.48,1.34,1.23
1,1545982009603,8.96,1.5,1.38
1,1545982009604,8.43,1.58,1.52
1,1545982009605,8.0,1.62,1.66
1,1545982009607,7.79,1.64,1.62
1,1545982009609,7.81,1.6,1.38
1,1545982009674,7.87,1.62,1.23
1,1545982009674,8.16,1.89,1.07
1,1545982009690,9.1,1.95,0.54
1,1545982009691,9.74,1.79,0.23
1,1545982009691,10.42,1.52,0.03
1,1545982009691,11.07,1.13,0.03
1,1545982009692,12.12,0.35,0.07
1,1545982009692,12.44,0.17,0.25
1,1545982009747,12.53,0.05,0.42
1,1545982009748,12.44,0.07,0.6
1,1545982009748,11.66,0.05,0.91
1,1545982009748,11.03,-0.05,0.95
1,1545982009748,10.42,-0.25,0.99
1,1545982009755,9.92,-0.56,1.03
1,1545982009755,8.9,-1.15,1.05
1,1545982009756,8.35,-1.5,1.11
1,1545982009823,7.77,-1.95,1.19
1,1545982009848,7.2,-2.26,1.23
1,1545982009849,6.48,-2.44,1.25
1,1545982009850,6.19,-2.08,1.3
1,1545982009850,6.13,-1.54,1.3
1,1545982009851,6.25,-1.09,1.26
1,1545982009852,6.85,-0.27,1.17
1,1545982009852,7.2,0.27,1.07
1,1545982009900,7.51,0.95,0.76
1,1545982009901,7.67,1.42,0.52
1,1545982009902,7.98,1.77,0.15
1,1545982009903,8.18,1.73,0.07
1,1545982009903,8.45,1.66,0.05
1,1545982009904,8.71,1.56,0.15
1,1545982009905,8.76,1.42,0.37
1,1545982009972,8.67,1.36,0.46
1,1545982009973,8.55,1.36,0.5
1,1545982009975,8.45,1.32,0.58
1,1545982009976,8.49,1.19,0.82
1,1545982009977,8.55,1.05,0.99
1,1545982009978,8.57,0.93,1.13
1,1545982009979,8.59,0.7,1.21
1,1545982009980,8.67,0.44,1.21
1,1545982010049,8.69,0.31,1.23
1,1545982010050,8.67,0.29,1.26
1,1545982010051,8.69,0.31,1.34
1,1545982010052,8.71,0.42,1.48
1,1545982010084,8.65,0.52,1.52
1,1545982010085,8.57,0.62,1.5
1,1545982010086,8.51,0.68,1.5
1,1545982010133,8.57,0.8,1.42
1,1545982010134,8.69,0.91,1.28
1,1545982010134,8.76,1.03,1.25
1,1545982010134,8.82,1.25,1.23
1,1545982010134,8.76,1.6,1.23
1,1545982010135,8.8,1.71,1.21
1,1545982010135,8.96,1.81,1.19
1,1545982010136,9.16,1.83,1.13
1,1545982010196,9.55,1.83,1.03
1,1545982010197,9.72,1.81,0.97
1,1545982010197,9.88,1.81,0.83
1,1545982010198,9.98,1.85,0.76
1,1545982010199,10.0,1.97,0.66
1,1545982010199,9.96,2.05,0.56
1,1545982010200,9.88,2.07,0.48
1,1545982010273,9.74,2.12,0.37
1,1545982010274,9.29,2.14,0.01
1,1545982010274,9.14,2.1,-0.29
1,1545982010275,9.17,1.99,-0.68
1,1545982010275,9.47,1.89,-0.95
1,1545982010275,9.98,1.75,-0.99
1,1545982010276,9.88,1.83,-1.09
1,1545982010350,9.55,1.93,-1.28
1,1545982010351,9.17,2.03,-1.48
1,1545982010351,8.43,2.12,-1.71
1,1545982010361,8.02,2.3,-1.67
1,1545982010362,7.5,2.51,-1.48
1,1545982010362,6.95,2.61,-1.25
1,1545982010362,5.85,2.53,-0.46
1,1545982010362,5.54,2.18,-0.25
1,1545982010423,5.27,1.67,-0.39
1,1545982010424,5.05,1.09,-0.76
1,1545982010424,5.03,-0.15,-1.89
1,1545982010424,5.21,-0.42,-2.51
1,1545982010425,5.31,-0.46,-3.1
1,1545982010425,5.46,-0.37,-3.73
1,1545982010425,6.32,-0.54,-4.29
1,1545982010520,7.12,-0.7,-3.57
1,1545982010521,7.85,-0.83,-2.91
1,1545982010522,8.71,-1.13,-2.59
1,1545982010522,10.13,-2.26,-2.96
1,1545982010522,10.41,-2.83,-3.43
1,1545982010523,10.17,-3.26,-4.04
1,1545982010523,9.74,-3.53,-4.41
1,1545982010524,8.82,-2.28,-4.58
1,1545982010575,8.53,-1.25,-4.41
1,1545982010576,8.22,-0.52,-3.94
1,1545982010576,7.83,0.33,-3.18
1,1545982010598,6.99,1.44,-1.71
1,1545982010599,6.75,1.64,-1.3
1,1545982010600,7.01,1.52,-1.19
1,1545982010601,7.42,1.19,-1.09
1,1545982010602,7.5,1.05,-1.79
1,1545982010649,7.32,1.38,-1.99
1,1545982010650,7.34,1.77,-1.83
1,1545982010651,7.65,1.89,-1.73
1,1545982010652,8.16,1.87,-1.64
1,1545982010653,9.12,1.77,-1.44
1,1545982010654,9.49,1.73,-1.36
1,1545982010654,9.82,1.73,-1.3
1,1545982010724,10.17,1.69,-1.28
1,1545982010726,11.21,1.64,-1.44
1,1545982010822,11.83,1.6,-1.56
1,1545982010824,12.22,1.73,-1.6
1,1545982010824,12.46,2.08,-1.5
1,1545982010825,13.28,2.44,-1.19
1,1545982010826,14.0,2.55,-1.58
1,1545982010827,14.55,2.67,-1.93
1,1545982010827,14.6,2.71,-2.08
1,1545982010828,13.98,2.32,-2.34
1,1545982010873,14.16,2.24,-2.51
1,1545982010875,14.58,2.3,-2.55
1,1545982010876,13.65,1.64,-1.83
1,1545982010877,14.1,1.87,-1.67
1,1545982010898,13.73,1.83,-1.34
1,1545982010899,13.12,1.48,-1.17
1,1545982010899,12.71,0.78,-0.91
1,1545982010899,12.65,-0.37,-0.68
1,1545982010946,12.69,-1.6,-0.74
1,1545982010968,12.69,-1.6,-1.11
1,1545982010969,12.61,-1.34,-1.73
1,1545982010969,12.38,-0.8,-1.89
1,1545982010969,12.5,1.03,-1.97
1,1545982010969,13.02,1.58,-1.85
1,1545982010969,13.28,1.75,-1.85
1,1545982010970,12.91,1.58,-1.67
1,1545982011021,12.71,1.81,-1.58
1,1545982011021,12.38,3.92,-3.14
1,1545982011032,12.53,4.29,-3.78
1,1545982011032,12.69,4.1,-3.96
1,1545982011032,12.98,4.27,-4.35
1,1545982011033,12.77,4.17,-4.33
1,1545982011033,12.38,3.94,-4.45
1,1545982011033,12.2,4.31,-4.21
1,1545982011095,14.64,2.79,-3.33
1,1545982011097,16.75,-0.76,-1.11
1,1545982011116,15.39,-1.99,-0.48
1,1545982011116,12.14,0.27,-0.8
1,1545982011116,11.54,8.82,-3.12
1,1545982011117,15.19,7.57,-3.69
1,1545982011117,16.66,4.37,-3.8
1,1545982011117,15.78,4.82,-3.39
1,1545982011173,10.93,12.87,-3.06
1,1545982011174,10.93,3.69,0.15
1,1545982011174,14.27,-8.39,1.95
1,1545982011174,13.39,-10.01,0.07
1,1545982011175,2.83,18.51,-7.46
1,1545982011175,12.55,12.03,-5.17
1,1545982011176,24.9,0.01,-3.02
1,1545982011176,27.85,-8.47,-3.16
1,1545982011248,15.8,-3.14,-1.77
1,1545982011248,14.49,5.11,1.38
1,1545982011248,14.9,12.92,-0.44
1,1545982011274,20.8,5.03,-0.44
1,1545982011275,17.12,-5.66,2.4
1,1545982011275,15.41,-3.82,2.51
1,1545982011276,16.44,-0.27,0.5
1,1545982011329,17.2,1.38,-1.21
1,1545982011330,18.61,-1.21,-1.52
1,1545982011330,17.03,-0.33,-1.56
1,1545982011330,17.01,0.29,-1.44
1,1545982011330,16.69,-0.11,-1.23
1,1545982011331,16.93,-0.58,-1.62
1,1545982011331,17.46,0.17,-1.83
1,1545982011398,18.02,0.46,-2.22
1,1545982011399,18.49,-0.33,-2.57
1,1545982011424,17.61,0.13,-2.2
1,1545982011424,16.89,3.12,-1.89
1,1545982011424,15.39,5.56,-0.97
1,1545982011424,14.14,8.86,-1.75
1,1545982011425,18.94,1.48,-3.92
1,1545982011425,19.17,-0.27,-3.37
1,1545982011473,17.3,1.83,-1.91
1,1545982011474,16.05,3.39,-1.38
1,1545982011486,16.54,1.73,-1.09
1,1545982011486,15.93,1.44,-1.38
1,1545982011486,15.11,2.01,-2.03
1,1545982011487,14.53,2.1,-2.44
1,1545982011487,13.96,2.05,-2.69
1,1545982011545,12.96,3.51,-3.18
1,1545982011546,12.08,3.63,-3.0
1,1545982011546,11.4,1.3,-2.71
1,1545982011546,9.8,0.15,-1.62
1,1545982011553,9.02,0.76,-1.64
1,1545982011553,8.49,0.5,-1.75
1,1545982011553,7.77,0.05,-1.79
1,1545982011553,4.74,0.33,-1.17
1,1545982011624,4.17,0.54,-1.32
1,1545982011624,3.37,1.01,-1.6
1,1545982011625,4.8,1.01,-0.83
1,1545982011637,2.24,-1.15,-1.44
1,1545982011638,2.08,-1.07,-1.87
1,1545982011638,2.24,-0.85,-2.28
1,1545982011638,2.5,-0.95,-2.2
1,1545982011639,2.12,-1.52,-1.91
1,1545982011697,2.05,-1.32,-1.85
1,1545982011721,1.99,-0.93,-1.6
1,1545982011722,1.75,1.73,-1.17
1,1545982011722,1.25,1.11,-1.85
1,1545982011722,1.73,0.5,-1.38
1,1545982011722,1.71,-0.23,-1.93
1,1545982011723,1.93,-0.83,-1.21
1,1545982011776,1.85,-0.72,-2.08
1,1545982011776,2.01,1.23,-2.38
1,1545982011789,2.42,1.99,-3.08
1,1545982011789,2.59,0.05,-2.61
1,1545982011790,3.78,0.11,-2.3
1,1545982011790,4.43,-0.8,-1.93
1,1545982011790,5.03,-0.7,-1.25
1,1545982011790,5.11,-0.62,-0.66
1,1545982011847,4.78,2.44,-0.03
1,1545982011848,4.57,5.78,-1.87
1,1545982011856,5.68,4.96,-1.13
1,1545982011856,7.5,0.46,-0.05
1,1545982011856,8.84,-5.19,1.01
1,1545982011856,8.0,-3.04,0.7
1,1545982011857,7.44,-0.01,0.11
1,1545982011922,7.16,1.81,-0.25
1,1545982011946,7.03,0.62,1.07
1,1545982011947,6.85,-0.78,1.36
1,1545982012002,6.56,-1.64,1.25
1,1545982012002,6.3,-1.52,0.85
1,1545982012002,6.93,0.7,0.0
1,1545982012003,6.71,1.66,0.48
1,1545982012003,6.42,3.47,-0.13
1,1545982012003,7.38,2.3,-0.09
1,1545982012004,6.95,-1.71,1.23
1,1545982012004,6.13,-0.27,1.03
1,1545982012071,5.93,1.32,0.78
1,1545982012091,6.5,1.69,0.66
1,1545982012092,8.3,2.22,-0.15
1,1545982012092,8.04,1.93,0.13
1,1545982012092,7.63,1.34,0.37
1,1545982012092,7.71,1.05,0.25
1,1545982012092,7.91,1.07,-0.03
1,1545982012093,8.37,1.5,-0.41
1,1545982012146,9.37,2.67,-1.01
1,1545982012159,10.0,2.85,-1.19
1,1545982012159,10.76,2.75,-1.25
1,1545982012159,11.69,2.48,-1.3
1,1545982012160,12.89,2.79,-1.11
1,1545982012160,12.89,2.91,-0.89
1,1545982012160,12.87,2.87,-1.07
1,1545982012160,13.37,2.63,-1.34
1,1545982012222,14.37,2.08,-1.42
1,1545982012223,14.1,2.12,-1.15
1,1545982012224,13.47,1.99,-0.68
1,1545982012326,12.77,1.73,-0.23
1,1545982012326,12.28,1.5,0.09
1,1545982012327,12.26,1.48,-0.05
1,1545982012327,11.79,1.25,-0.27
1,1545982012327,11.17,1.07,-0.11
1,1545982012328,10.54,0.91,0.07
1,1545982012328,9.8,1.11,0.39
1,1545982012328,9.57,1.05,0.15
1,1545982012370,9.53,1.05,0.01
1,1545982012370,9.1,0.91,-0.29
1,1545982012371,9.17,0.48,-0.7
1,1545982012371,9.21,0.41,-0.82
1,1545982012390,9.41,0.7,-1.03
1,1545982012391,9.64,0.97,-1.21
1,1545982012391,9.76,1.11,-1.21
1,1545982012391,9.86,0.93,-1.25
1,1545982012453,10.01,0.72,-1.11
1,1545982012454,10.23,1.03,-1.11
1,1545982012477,10.01,1.23,-0.99
1,1545982012478,10.5,0.97,-1.11
1,1545982012478,11.15,0.64,-1.3
1,1545982012479,11.19,0.44,-1.32
1,1545982012480,10.95,0.72,-1.46
1,1545982012480,11.11,0.29,-1.32
1,1545982012525,11.26,-0.35,-1.09
1,1545982012527,11.13,-0.78,-0.99
1,1545982012528,10.7,-0.27,-0.8
1,1545982012530,10.37,0.46,-0.8
1,1545982012530,10.13,1.01,-0.62
1,1545982012531,10.09,1.28,-0.56
1,1545982012532,10.62,0.0,-0.27
1,1545982012599,10.64,-0.7,-0.33
1,1545982012601,10.44,-0.48,-0.48
1,1545982012602,10.41,0.35,-0.5
1,1545982012604,10.37,0.78,-0.39
1,1545982012605,10.09,0.33,-0.23
1,1545982012606,9.96,0.13,-0.03
1,1545982012607,9.98,0.03,0.05
1,1545982012608,10.17,0.39,-0.15
1,1545982012675,10.17,0.64,-0.21
1,1545982012676,10.13,0.62,-0.27
1,1545982012676,10.19,0.66,-0.35
1,1545982012678,10.44,0.62,-0.52
1,1545982012678,10.64,0.62,-0.46
1,1545982012679,10.72,0.6,-0.54
1,1545982012679,10.78,0.68,-0.62
1,1545982012680,11.15,0.87,-0.6
1,1545982012750,11.21,0.83,-0.82
1,1545982012751,11.19,0.66,-0.76
1,1545982012752,11.23,0.64,-0.64
1,1545982012753,11.52,1.05,-0.64
1,1545982012753,11.6,1.21,-0.68
1,1545982012754,11.46,1.09,-0.6
1,1545982012754,11.3,0.89,-0.46
1,1545982012825,11.42,0.58,-0.17
1,1545982012827,11.42,0.48,-0.05
1,1545982012827,11.3,0.33,-0.09
1,1545982012848,11.15,0.09,-0.27
1,1545982012849,11.6,0.95,-0.58
1,1545982012850,12.1,1.36,-0.64
1,1545982012850,12.3,1.38,-0.37
1,1545982012850,12.03,1.07,-0.25
1,1545982012900,12.65,-0.37,-0.19
1,1545982012902,13.37,-0.42,-0.33
1,1545982012903,13.59,0.46,-0.46
1,1545982012904,13.02,1.03,-0.64
1,1545982012904,11.03,-0.21,0.07
1,1545982012905,10.6,-0.78,0.37
1,1545982012907,10.27,-1.03,0.66
1,1545982012975,9.47,-0.93,1.07
1,1545982012976,7.65,-0.99,1.17
1,1545982012976,7.65,-1.11,0.85
1,1545982012977,7.71,-1.07,0.54
1,1545982012977,7.65,-0.58,0.23
1,1545982012978,7.1,1.26,-0.31
1,1545982012978,7.36,1.67,0.42
1,1545982013050,8.16,1.52,0.8
1,1545982013051,8.69,0.5,1.17
1,1545982013052,8.24,-0.25,1.25
1,1545982013054,8.39,0.93,1.28
1,1545982013055,8.73,1.85,1.67
1,1545982013056,8.2,4.06,2.07
1,1545982013057,10.31,-1.42,2.36
1,1545982013057,10.05,-0.21,2.91
1,1545982013122,8.18,3.55,2.48
1,1545982013123,8.57,1.54,2.77
1,1545982013132,8.63,1.64,2.14
1,1545982013197,8.33,2.36,1.79
1,1545982013198,8.12,1.93,2.08
1,1545982013214,8.2,1.48,2.69
1,1545982013215,7.81,2.69,2.87
1,1545982013216,6.87,2.94,2.96
1,1545982013216,7.3,2.38,2.77
1,1545982013217,8.47,2.22,2.5
1,1545982013217,8.94,2.75,2.12
1,1545982013271,8.98,2.3,1.69
1,1545982013272,9.1,1.79,1.56
1,1545982013273,8.45,2.53,1.85
1,1545982013273,8.51,2.24,2.14
1,1545982013274,8.65,2.46,2.3
1,1545982013274,8.43,3.1,2.46
1,1545982013274,8.24,2.75,2.73
1,1545982013274,8.2,2.61,2.85
1,1545982013350,8.18,2.75,2.61
1,1545982013351,8.33,2.63,2.08
1,1545982013352,8.71,2.67,1.69
1,1545982013353,9.12,2.89,1.3
1,1545982013354,9.37,2.81,1.26
1,1545982013355,9.88,2.34,1.3
1,1545982013357,9.96,2.71,1.21
1,1545982013358,9.8,2.98,1.23
1,1545982013425,9.68,2.91,1.26
1,1545982013426,10.05,2.71,1.21
1,1545982013427,10.17,2.24,1.23
1,1545982013499,10.33,2.03,1.25
1,1545982013510,10.37,2.26,1.25
1,1545982013511,9.8,1.91,1.32
1,1545982013574,9.72,1.93,1.5
1,1545982013575,9.88,2.14,1.34
1,1545982013575,10.35,2.12,1.25
1,1545982013575,10.93,1.75,1.3
1,1545982013585,11.28,1.71,1.23
1,1545982013586,11.54,1.44,1.17
1,1545982013587,12.08,1.3,1.15
1,1545982013587,11.71,1.42,0.91
1,1545982013647,10.82,1.91,1.19
1,1545982013648,11.23,1.05,1.25
1,1545982013648,9.84,0.87,1.19
1,1545982013649,9.88,0.68,1.23
1,1545982013649,9.86,0.52,1.21
1,1545982013649,10.39,0.93,1.19
1,1545982013650,10.82,1.15,1.17
1,1545982013650,11.19,0.97,1.13
1,1545982013724,11.85,0.7,1.17
1,1545982013725,12.48,1.21,0.97
1,1545982013725,12.73,0.97,0.85
1,1545982013726,12.92,0.89,0.97
1,1545982013726,13.02,0.99,0.99
1,1545982013726,13.1,1.07,0.97
1,1545982013727,13.0,0.93,0.91
1,1545982013727,12.44,1.05,0.97
1,1545982013798,12.34,1.23,0.89
1,1545982013799,12.34,1.25,1.07
1,1545982013799,12.08,1.11,1.19
1,1545982013799,11.99,1.09,0.7
1,1545982013800,11.58,0.5,0.66
1,1545982013800,11.13,0.01,0.97
1,1545982013800,10.82,0.46,0.99
1,1545982013801,10.44,1.01,1.03
1,1545982013873,9.92,1.23,0.91
1,1545982013874,9.02,1.28,0.68
1,1545982013874,8.39,1.09,0.27
1,1545982013875,8.39,1.25,-0.25
1,1545982013875,7.94,2.1,-1.07
1,1545982013876,7.38,2.14,-1.07
1,1545982013876,6.56,1.73,-0.93
1,1545982013951,5.7,1.48,-0.74
1,1545982013954,6.13,2.32,-0.31
1,1545982013955,6.42,1.87,0.11
1,1545982013956,6.46,1.42,-0.44
1,1545982013957,7.26,1.73,-1.19
1,1545982013958,8.16,1.91,-2.14
1,1545982013959,8.33,1.32,-2.01
1,1545982013959,8.82,0.97,-1.64
1,1545982014027,9.25,1.38,-1.54
1,1545982014028,9.66,2.83,-1.01
1,1545982014038,9.82,3.04,-0.68
1,1545982014039,9.57,2.87,-0.68
1,1545982014039,9.27,2.28,-0.39
1,1545982014040,9.51,0.95,0.05
1,1545982014040,9.82,1.19,-0.07
1,1545982014097,10.11,1.56,-0.23
1,1545982014104,10.19,1.85,-0.29
1,1545982014105,10.39,1.11,-0.27
1,1545982014105,10.44,0.64,-0.05
1,1545982014105,10.37,0.91,-0.13
1,1545982014106,10.31,1.25,-0.46
1,1545982014106,10.66,0.87,-0.68
1,1545982014106,10.89,0.44,-0.6
1,1545982014173,10.85,-0.11,-0.5
1,1545982014190,10.76,-0.33,-0.68
1,1545982014191,10.78,-0.01,-0.74
1,1545982014191,10.74,0.46,-0.62
1,1545982014191,10.74,0.6,-0.66
1,1545982014191,10.7,0.21,-0.62
1,1545982014192,10.91,-0.31,-0.76
1,1545982014249,10.33,1.38,-0.35
1,1545982014257,10.48,1.79,-0.91
1,1545982014257,11.21,-0.29,-0.54
1,1545982014257,10.66,-1.48,0.09
1,1545982014258,10.03,-0.95,-0.27
1,1545982014258,10.11,-0.62,-0.8
1,1545982014258,10.64,-0.33,-0.91
1,1545982014258,10.89,-0.93,-0.8
1,1545982014324,10.64,-1.01,-0.6
1,1545982014349,10.89,-0.91,-0.62
1,1545982014350,11.36,-0.78,-0.8
1,1545982014351,11.95,-1.01,-0.56
1,1545982014352,11.85,-1.09,-0.6
1,1545982014352,11.91,-0.82,-0.82
1,1545982014353,12.1,-0.48,-0.8
1,1545982014420,11.75,-0.72,0.15
1,1545982014421,11.67,1.75,0.25
1,1545982014421,11.25,2.61,-0.11
1,1545982014421,11.13,0.62,0.82
1,1545982014422,11.36,-1.13,1.21
1,1545982014422,10.33,-0.76,1.25
1,1545982014422,9.55,-0.05,1.26
1,1545982014422,9.21,0.27,1.25
1,1545982014473,8.88,-0.33,1.42
1,1545982014473,8.43,-0.41,1.77
1,1545982014473,7.92,-0.17,1.85
1,1545982014474,7.44,0.0,1.95
1,1545982014474,7.2,0.39,1.58
1,1545982014474,7.16,0.78,1.48
1,1545982014474,6.97,1.19,1.38
1,1545982014550,6.64,1.17,1.19
1,1545982014551,6.95,0.39,0.44
1,1545982014552,7.51,0.05,0.13
1,1545982014552,8.04,0.05,0.01
1,1545982014552,8.47,0.27,-0.11
1,1545982014579,9.1,1.01,0.05
1,1545982014580,9.29,1.07,0.44
1,1545982014580,9.29,1.25,1.17
1,1545982014625,9.21,1.62,1.52
1,1545982014643,9.41,1.85,2.28
1,1545982014643,9.33,1.5,2.65
1,1545982014644,9.47,1.21,2.59
1,1545982014644,9.7,1.11,2.07
1,1545982014644,9.9,0.76,1.25
1,1545982014644,9.9,0.46,1.21
1,1545982014700,9.9,0.58,1.13
1,1545982014700,9.74,0.83,1.15
1,1545982014701,9.31,0.78,1.19
1,1545982014702,9.1,0.58,1.17
1,1545982014714,9.04,0.23,1.21
1,1545982014714,8.98,-0.23,1.21
1,1545982014715,9.08,0.85,1.25
1,1545982014715,8.8,1.03,1.26
1,1545982014772,8.61,0.74,1.4
1,1545982014773,8.61,0.25,1.38
1,1545982014794,9.06,0.07,1.26
1,1545982014795,9.23,0.29,1.32
1,1545982014795,9.21,0.39,1.4
1,1545982014795,9.17,0.42,1.32
1,1545982014796,9.25,0.42,1.36
1,1545982014847,9.47,0.46,1.3
1,1545982014848,9.64,0.56,1.23
1,1545982014848,9.86,0.62,1.23
1,1545982014848,10.03,0.37,1.23
1,1545982014849,10.13,0.25,1.21
1,1545982014849,10.19,0.21,1.13
1,1545982014849,10.27,0.15,1.01
1,1545982014849,10.41,0.13,1.05
1,1545982014925,10.52,0.21,0.89
1,1545982014926,10.52,0.11,0.8
1,1545982014926,10.44,-0.01,0.97
1,1545982014927,10.35,-0.11,1.19
1,1545982014927,10.31,0.05,1.15
1,1545982014948,10.29,0.09,1.15
1,1545982014948,10.25,0.0,1.21
1,1545982015019,10.19,-0.11,1.15
1,1545982015019,10.09,-0.17,1.19
1,1545982015020,10.05,-0.25,1.21
1,1545982015020,10.03,-0.42,1.21
1,1545982015020,10.21,-0.5,1.23
1,1545982015021,10.19,-0.33,1.11
1,1545982015021,10.19,-0.07,1.03
1,1545982015074,10.11,-0.07,1.15
1,1545982015074,10.17,-0.56,1.19
1,1545982015074,10.19,-0.62,1.19
1,1545982015075,10.21,-0.48,1.13
1,1545982015075,10.13,-0.27,1.11
1,1545982015097,10.17,-0.31,1.05
1,1545982015098,10.17,-0.76,0.99
1,1545982015098,10.35,-0.7,1.15
1,1545982015149,10.33,-0.44,1.11
1,1545982015151,10.23,0.17,1.05
1,1545982015152,10.44,0.54,0.6
1,1545982015153,10.8,-0.58,0.8
1,1545982015154,10.76,-0.95,0.68
1,1545982015154,10.56,-0.66,0.62
1,1545982015156,10.74,-0.31,0.46
1,1545982015164,10.93,-0.48,0.42
1,1545982015223,10.99,-0.42,0.46
1,1545982015223,10.8,-0.29,0.31
1,1545982015223,10.66,-0.58,0.48
1,1545982015224,10.46,-0.89,0.83
1,1545982015245,10.09,-0.97,0.8
1,1545982015246,9.68,-0.78,0.72
1,1545982015247,9.51,-0.54,0.6
1,1545982015301,9.68,-0.52,0.41
1,1545982015302,9.84,-0.29,0.21
1,1545982015303,10.09,-0.07,0.05
1,1545982015303,9.76,0.46,0.48
1,1545982015324,10.23,0.74,-0.07
1,1545982015325,10.6,0.21,0.33
1,1545982015325,10.91,-0.31,0.58
1,1545982015325,10.93,-0.56,0.58
1,1545982015373,11.21,-0.87,0.64
1,1545982015374,11.4,-1.09,0.48
1,1545982015376,11.52,-1.03,0.09
1,1545982015377,11.69,-0.31,-0.48
1,1545982015378,11.73,0.09,-0.58
1,1545982015379,11.52,-0.03,-0.44
1,1545982015380,11.19,-0.42,-0.37
1,1545982015451,11.28,-0.6,-0.46
1,1545982015453,11.25,-0.33,-0.68
1,1545982015454,11.15,-0.29,-0.66
1,1545982015455,10.89,-0.44,-0.54
1,1545982015456,10.46,-0.56,-0.62
1,1545982015457,10.56,-0.5,-0.78
1,1545982015458,10.83,-0.46,-0.93
1,1545982015459,10.76,-0.25,-0.89
1,1545982015527,10.21,0.0,-0.82
1,1545982015529,10.09,-0.03,-0.72
1,1545982015564,10.05,-0.11,-0.7
1,1545982015565,10.03,-0.15,-0.68
1,1545982015565,9.58,0.52,-0.72
1,1545982015565,9.68,0.03,-1.03
1,1545982015566,9.9,-1.03,-0.93
1,1545982015612,9.86,-0.42,-1.01
1,1545982015612,9.47,0.03,-1.26
1,1545982015612,9.49,-0.31,-1.26
1,1545982015613,9.6,-0.44,-1.19
1,1545982015613,9.64,-0.27,-1.17
1,1545982015613,9.31,-0.46,-0.99
1,1545982015613,9.57,-0.6,-0.85
1,1545982015613,9.74,-0.54,-1.03
1,1545982015675,9.76,-0.31,-0.99
1,1545982015676,9.78,0.37,-1.15
1,1545982015676,9.76,-0.07,-0.99
1,1545982015676,9.78,-0.37,-0.78
1,1545982015676,9.64,-0.27,-0.87
1,1545982015686,9.7,0.01,-0.89
1,1545982015687,9.8,-0.09,-0.87
1,1545982015750,9.78,-0.23,-0.74
1,1545982015750,9.74,-0.09,-0.62
1,1545982015751,9.96,0.44,-0.33
1,1545982015751,9.92,0.48,-0.19
1,1545982015751,9.74,0.25,0.01
1,1545982015751,9.7,-0.29,-0.03
1,1545982015752,10.42,-0.21,-0.66
1,1545982015770,10.64,0.58,-0.48
1,1545982015840,10.6,0.95,-0.83
1,1545982015842,10.39,0.46,-1.23
1,1545982015843,10.05,0.11,-0.54
1,1545982015843,10.0,0.89,-0.07
1,1545982015844,9.72,1.19,0.21
1,1545982015846,9.86,1.34,0.37
1,1545982015847,8.51,0.44,1.25
1,1545982015909,8.1,0.95,1.21
1,1545982015910,9.0,1.66,1.17
1,1545982015910,9.94,2.12,0.76
1,1545982015911,10.37,2.63,-0.09
1,1545982015911,10.31,2.44,0.03
1,1545982015911,10.23,1.85,0.44
1,1545982015912,10.27,1.32,0.62
1,1545982015912,10.58,1.71,0.8
1,1545982015976,10.78,2.59,0.76
1,1545982015977,10.85,3.24,1.11
1,1545982015978,10.64,3.47,1.23
1,1545982015979,10.95,2.83,2.01
1,1545982015979,10.6,2.38,2.61
1,1545982015980,11.69,3.96,1.44
1,1545982015981,12.79,4.0,1.13
1,1545982016046,12.73,1.91,0.66
1,1545982016054,12.5,2.08,0.72
1,1545982016055,12.48,3.02,0.68
1,1545982016055,12.59,3.12,0.68
1,1545982016055,12.48,1.79,1.23
1,1545982016056,12.44,3.12,1.3
1,1545982016056,12.67,4.0,1.28
1,1545982016056,12.71,4.06,1.15
1,1545982016123,13.08,2.12,1.13
1,1545982016124,12.59,1.52,1.28
1,1545982016124,11.66,1.66,1.42
1,1545982016149,10.93,2.73,1.44
1,1545982016151,9.68,3.69,1.6
1,1545982016152,8.71,3.59,1.67
1,1545982016153,8.04,3.33,1.28
1,1545982016231,7.48,3.16,0.95
1,1545982016231,5.8,2.28,0.29
1,1545982016232,4.55,1.28,-0.17
1,1545982016232,3.35,0.46,-0.54
1,1545982016232,2.24,0.44,-0.76
1,1545982016232,-0.09,2.89,0.01
1,1545982016232,-2.71,3.41,0.41
1,1545982016233,-1.95,5.05,0.23
1,1545982016289,-1.32,5.37,0.15
1,1545982016291,1.77,4.31,-2.38
1,1545982016292,3.53,3.63,-3.69
1,1545982016347,5.31,3.73,-5.19
1,1545982016347,7.59,4.72,-4.8
1,1545982016357,11.64,2.55,-3.39
1,1545982016357,11.77,2.14,-2.05
1,1545982016357,11.13,0.85,0.42
1,1545982016358,11.69,1.67,2.28
1,1545982016358,15.37,6.67,0.6
1,1545982016358,15.91,6.21,-0.35
1,1545982016423,15.78,4.55,0.66
1,1545982016424,15.09,3.39,1.89
1,1545982016425,12.55,5.05,1.91
1,1545982016439,11.85,4.92,1.6
1,1545982016440,10.97,4.41,1.54
1,1545982016441,10.13,4.14,1.66
1,1545982016441,8.98,4.72,1.6
1,1545982016441,8.37,3.92,1.64
1,1545982016497,7.85,2.55,1.66
1,1545982016499,6.75,2.42,1.64
1,1545982016500,6.34,2.59,1.46
1,1545982016500,5.93,2.48,1.34
1,1545982016501,5.72,2.26,1.21
1,1545982016501,5.83,2.03,0.44
1,1545982016502,5.87,1.75,0.46
1,1545982016502,6.09,1.58,0.54
1,1545982016577,6.36,1.99,0.52
1,1545982016580,6.83,2.81,0.46
1,1545982016581,7.14,3.04,0.46
1,1545982016582,7.55,2.91,0.44
1,1545982016583,7.98,2.83,0.39
1,1545982016583,8.61,3.06,0.42
1,1545982016584,9.02,3.12,0.44
1,1545982016585,9.76,3.26,0.41
1,1545982016654,10.39,3.45,0.17
1,1545982016656,10.17,3.22,0.31
1,1545982016657,10.0,3.22,0.56
1,1545982016658,10.19,3.3,0.76
1,1545982016659,10.39,3.08,0.7
1,1545982016659,10.29,2.65,0.74
1,1545982016660,10.31,3.16,0.5
1,1545982016661,10.33,3.43,0.21
1,1545982016725,10.09,3.22,0.29
1,1545982016727,9.78,2.85,0.89
1,1545982016728,9.86,2.98,0.76
1,1545982016729,9.6,3.06,0.44
1,1545982016730,9.17,3.0,0.33
1,1545982016731,9.17,2.55,0.33
1,1545982016732,9.17,2.1,0.6
1,1545982016801,9.17,2.32,0.7
1,1545982016828,9.16,3.0,0.5
1,1545982016829,8.76,3.28,0.31
1,1545982016830,8.49,2.98,0.5
1,1545982016830,8.63,2.92,0.46
1,1545982016831,9.04,2.87,0.01
1,1545982016831,9.17,3.35,-0.44
1,1545982016832,9.12,3.67,-0.42
1,1545982016872,9.19,3.41,-0.21
1,1545982016873,9.43,2.98,-0.15
1,1545982016874,9.29,3.18,-0.31
1,1545982016875,9.47,3.59,-0.41
1,1545982016876,9.8,3.82,-0.37
1,1545982016877,10.03,3.88,-0.27
1,1545982016878,10.33,3.0,0.48
1,1545982016953,10.74,3.47,0.6
1,1545982016954,10.93,3.92,0.83
1,1545982016955,10.8,3.96,0.85
1,1545982016956,10.42,4.14,0.58
1,1545982016957,10.52,4.19,0.37
1,1545982016958,10.6,3.98,0.39
1,1545982016959,10.41,3.43,0.56
1,1545982016960,9.92,2.98,0.64
1,1545982017023,10.0,3.22,0.15
1,1545982017024,10.21,3.33,-0.5
1,1545982017049,10.39,3.18,-0.78
1,1545982017050,10.01,3.47,-1.67
1,1545982017051,9.96,3.12,-1.95
1,1545982017052,9.96,2.81,-2.18
1,1545982017053,8.86,3.26,-2.34
1,1545982017184,10.95,0.54,-2.1
1,1545982017185,11.85,0.54,-1.67
1,1545982017203,11.19,1.44,-1.83
1,1545982017204,10.23,2.73,-1.77
1,1545982017207,8.94,3.39,-1.83
1,1545982017255,9.35,2.05,-1.71
1,1545982017256,10.62,1.36,-1.56
1,1545982017257,11.05,1.13,-1.42
1,1545982017257,10.07,2.36,-1.36
1,1545982017258,9.98,3.08,-1.58
1,1545982017258,9.8,2.05,-1.38
1,1545982017259,9.49,2.5,-1.21
1,1545982017259,9.49,2.79,-1.11
1,1545982017325,9.37,2.87,-1.13
1,1545982017326,8.32,2.4,-0.31
1,1545982017327,8.55,2.16,-0.54
1,1545982017327,9.29,2.07,-1.66
1,1545982017327,9.45,2.38,-1.66
1,1545982017328,9.39,2.79,-1.34
1,1545982017328,9.21,2.73,-1.15
1,1545982017329,9.29,2.55,-1.03
1,1545982017402,9.51,2.59,-1.01
1,1545982017405,9.58,2.48,-0.93
1,1545982017406,9.51,2.4,-0.89
1,1545982017406,9.86,2.61,-1.03
1,1545982017407,10.21,2.67,-1.15
1,1545982017407,10.39,2.59,-1.28
1,1545982017408,10.46,2.44,-1.4
1,1545982017408,10.91,2.4,-1.09
1,1545982017475,10.85,1.93,-0.74
1,1545982017476,10.72,1.46,-0.74
1,1545982017476,10.7,1.62,-0.85
1,1545982017477,10.56,3.14,-0.56
1,1545982017477,10.44,3.14,-0.62
1,1545982017499,10.44,2.73,-1.01
1,1545982017500,10.48,2.26,-1.28
1,1545982017500,10.91,1.69,-1.54
1,1545982017550,10.85,2.08,-1.77
1,1545982017551,10.62,2.5,-1.67
1,1545982017552,10.35,2.61,-1.4
1,1545982017568,10.0,2.91,-0.89
1,1545982017569,10.09,3.06,-0.56
1,1545982017569,10.0,3.14,-0.42
1,1545982017570,10.05,3.0,-0.39
1,1545982017571,10.21,2.2,-0.76
1,1545982017625,10.15,1.77,-1.28
1,1545982017626,10.39,1.75,-1.32
1,1545982017626,10.37,2.36,-0.97
1,1545982017627,10.56,3.24,-0.91
1,1545982017627,10.48,2.61,-0.64
1,1545982017628,10.27,2.36,-0.78
1,1545982017629,10.35,2.87,-0.6
1,1545982017717,9.78,2.63,0.09
1,1545982017717,9.78,1.77,0.33
1,1545982017718,9.7,1.42,0.37
1,1545982017718,9.6,2.01,0.17
1,1545982017718,9.47,2.67,-0.09
1,1545982017719,9.51,2.05,-0.13
1,1545982017720,9.45,1.79,-0.29
1,1545982017720,9.41,2.22,-0.46
1,1545982017773,9.21,2.16,-0.27
1,1545982017774,9.23,1.85,0.0
1,1545982017775,9.31,1.6,0.09
1,1545982017850,9.33,1.67,0.07
1,1545982017929,9.17,1.95,0.15
1,1545982017930,9.17,1.77,0.11
1,1545982017930,9.17,1.67,0.01
1,1545982017931,9.19,1.67,0.05
1,1545982017931,9.23,1.58,0.01
1,1545982017932,9.19,1.42,-0.17
1,1545982017933,9.21,1.28,-0.05
1,1545982017933,9.17,1.38,0.09
1,1545982018003,9.1,1.23,0.23
1,1545982018004,9.31,1.5,-0.01
1,1545982018004,9.98,0.74,0.19
1,1545982018004,9.76,0.76,0.35
1,1545982018005,9.53,1.19,0.5
1,1545982018005,9.53,1.09,0.46
1,1545982018006,9.74,0.85,0.23
1,1545982018006,9.9,0.74,0.13
1,1545982018074,9.92,0.76,0.21
1,1545982018074,10.0,1.15,0.07
1,1545982018075,10.07,1.21,0.03
1,1545982018075,10.07,1.19,0.0
1,1545982018088,10.07,1.15,0.19
1,1545982018089,10.33,1.03,-0.33
1,1545982018090,10.66,0.74,-0.52
1,1545982018090,10.91,0.31,-0.62
1,1545982018147,10.99,0.64,-0.8
1,1545982018173,11.09,1.09,-0.91
1,1545982018173,11.21,1.05,-0.82
1,1545982018174,11.46,1.15,-0.85
1,1545982018174,11.52,1.21,-0.82
1,1545982018174,11.62,1.64,-0.82
1,1545982018174,11.75,1.66,-0.78
1,1545982018175,11.73,1.56,-0.68
1,1545982018223,11.62,1.42,-0.64
1,1545982018224,11.67,1.25,-1.07
1,1545982018225,11.81,1.21,-0.97
1,1545982018225,11.71,1.25,-0.72
1,1545982018226,11.38,1.46,-0.44
1,1545982018226,10.54,1.73,-0.01
1,1545982018227,10.52,1.52,0.29
1,1545982018227,10.54,1.32,0.03
1,1545982018305,10.56,1.23,-0.37
1,1545982018306,10.05,1.36,-0.56
1,1545982018306,9.88,2.18,-0.89
1,1545982018306,9.62,2.38,-1.07
1,1545982018307,9.14,1.73,-1.32
1,1545982018307,9.31,1.17,-1.79
1,1545982018307,9.82,2.85,-3.02
1,1545982018308,9.43,3.39,-2.3
1,1545982018373,7.83,1.87,0.27
1,1545982018374,8.06,3.0,-1.01
1,1545982018374,7.91,2.42,-0.7
1,1545982018375,7.57,1.17,0.29
1,1545982018375,7.96,1.15,0.66
1,1545982018376,8.61,2.53,-0.07
1,1545982018376,8.86,2.67,-0.5
1,1545982018450,9.08,2.3,-1.36
1,1545982018451,9.8,1.26,-1.44
1,1545982018452,9.25,3.47,-2.1
1,1545982018453,9.04,3.8,-2.81
1,1545982018453,8.59,2.69,-2.91
1,1545982018454,7.65,3.16,-2.24
1,1545982018455,9.74,2.18,0.39
1,1545982018456,11.6,3.57,-2.1
1,1545982018524,11.21,5.78,-2.71
1,1545982018525,10.68,0.91,-1.34
1,1545982018544,9.53,3.41,-2.65
1,1545982018545,11.23,2.65,-1.48
1,1545982018545,11.54,2.34,-1.73
1,1545982018546,10.33,2.63,-1.44
1,1545982018546,9.78,3.55,-2.24
1,1545982018605,10.54,4.17,-3.22
1,1545982018606,10.62,4.94,-3.61
1,1545982018606,10.37,3.94,-2.87
1,1545982018607,9.62,2.96,-2.05
1,1545982018607,9.76,2.59,-1.71
1,1545982018607,9.7,2.98,-2.14
1,1545982018607,9.37,3.22,-2.34
1,1545982018608,9.19,3.49,-2.48
1,1545982018672,9.35,3.65,-2.48
1,1545982018690,9.29,3.18,-2.07
1,1545982018691,8.78,3.55,-2.28
1,1545982018691,8.45,3.88,-2.73
1,1545982018691,8.1,3.92,-2.28
1,1545982018691,7.71,3.47,-1.81
1,1545982018692,7.08,3.47,-2.14
1,1545982018746,7.51,1.38,-1.42
1,1545982018747,10.35,3.32,-1.75
1,1545982018747,8.26,7.48,-2.91
1,1545982018748,3.08,6.3,-3.26
1,1545982018748,9.23,2.79,-1.58
1,1545982018748,10.0,2.18,-1.21
1,1545982018748,8.65,1.77,-0.23
1,1545982018823,7.92,2.3,0.85
1,1545982018824,9.27,0.13,1.42
1,1545982018824,9.58,-0.37,-0.83
1,1545982018824,10.01,2.18,-0.99
1,1545982018825,9.47,3.82,-1.17
1,1545982018826,9.68,3.65,-0.7
1,1545982018827,9.92,2.77,-0.33
1,1545982018828,10.21,2.24,-0.05
1,1545982018909,10.35,1.75,0.19
1,1545982018910,10.09,2.12,0.44
1,1545982018910,9.82,2.57,0.11
1,1545982018911,9.82,2.5,0.0
1,1545982018911,9.92,2.2,0.39
1,1545982018911,9.29,3.59,-0.21
1,1545982018911,9.04,2.94,-0.13
1,1545982018912,9.17,2.34,-0.03
1,1545982018972,9.08,2.14,0.23
1,1545982018994,8.94,2.5,-0.11
1,1545982018995,8.78,3.0,-0.48
1,1545982018995,8.84,2.71,-0.68
1,1545982018995,8.8,2.34,-0.72
1,1545982018995,8.22,2.96,-0.87
1,1545982018996,8.04,2.77,-0.76
1,1545982019047,8.2,2.73,-0.48
1,1545982019048,8.16,2.96,-0.46
1,1545982019048,8.04,3.37,-0.93
1,1545982019126,8.12,3.69,-0.7
1,1545982019145,8.39,3.61,-0.25
1,1545982019145,8.88,3.2,-0.23
1,1545982019145,8.86,2.98,-0.46
1,1545982019145,9.0,3.67,-0.31
1,1545982019146,9.47,3.57,0.01
1,1545982019146,9.72,3.02,0.31
1,1545982019146,9.1,2.96,0.35
1,1545982019212,8.98,2.96,0.31
1,1545982019212,9.21,2.77,0.27
1,1545982019213,9.94,2.14,-0.64
1,1545982019214,10.0,2.34,-0.25
1,1545982019214,9.9,1.97,-0.52
1,1545982019214,8.63,1.32,0.72
1,1545982019215,8.55,2.42,-0.37
1,1545982019215,10.29,2.1,-0.62
1,1545982019272,10.41,1.44,-0.35
1,1545982019281,8.08,2.83,-0.89
1,1545982019281,9.25,-0.07,-0.6
1,1545982019281,10.56,1.46,-0.91
1,1545982019282,10.8,0.89,-0.68
1,1545982019282,9.47,2.08,-1.46
1,1545982019282,9.49,1.93,-1.89
1,1545982019282,9.8,1.95,-2.34
1,1545982019349,10.03,2.36,-2.55
1,1545982019363,9.72,2.08,-2.55
1,1545982019364,10.27,2.28,-2.77
1,1545982019364,10.66,2.28,-2.57
1,1545982019364,10.52,1.62,-2.03
1,1545982019364,10.13,2.07,-2.1
1,1545982019364,10.7,2.61,-2.24
1,1545982019365,10.78,2.75,-2.01
1,1545982019423,10.42,3.24,-2.22
1,1545982019459,9.98,3.92,-2.57
1,1545982019460,10.09,4.33,-2.55
1,1545982019462,10.25,4.62,-1.58
1,1545982019462,9.96,3.3,-2.36
1,1545982019463,9.62,2.85,-1.38
1,1545982019464,9.8,3.75,-0.5
1,1545982019465,10.41,3.9,-1.77
1,1545982019506,9.49,5.05,-3.24
1,1545982019507,8.8,5.6,-3.37
1,1545982019507,9.33,5.54,-3.37
1,1545982019507,8.67,6.4,-3.75
1,1545982019508,7.16,6.26,-2.69
1,1545982019508,12.65,3.49,-2.57
1,1545982019509,7.48,-4.27,2.12
1,1545982019509,9.16,-0.7,0.72
1,1545982019574,10.37,3.16,-1.48
1,1545982019574,10.29,4.9,-2.07
1,1545982019581,9.25,3.61,-1.48
1,1545982019581,10.15,1.11,-0.83
1,1545982019581,10.95,-2.3,1.6
1,1545982019582,9.84,-3.61,1.83
1,1545982019582,8.98,1.38,0.09
1,1545982019648,9.27,2.51,0.01
1,1545982019649,9.06,2.14,-0.23
1,1545982019670,9.02,1.56,-0.58
1,1545982019726,9.19,1.54,-0.41
1,1545982019752,9.12,1.48,-0.27
1,1545982019752,9.12,0.95,0.33
1,1545982019753,9.02,0.35,0.42
1,1545982019753,9.06,1.03,-0.07
1,1545982019753,9.6,1.91,-1.05
1,1545982019753,10.17,2.1,-1.23
1,1545982019753,10.42,1.91,-1.03
1,1545982019814,10.03,1.3,-0.76
1,1545982019815,9.94,1.11,-0.52
1,1545982019815,10.8,1.07,-0.97
1,1545982019815,10.82,0.99,-1.05
1,1545982019815,10.68,1.4,-1.21
1,1545982019816,10.5,1.75,-1.32
1,1545982019816,10.17,1.6,-0.85
1,1545982019816,10.21,1.4,-0.74
1,1545982019873,10.13,1.25,-0.64
1,1545982019873,9.96,1.3,-0.7
1,1545982019885,10.17,1.4,-0.7
1,1545982019885,10.11,1.21,-0.54
1,1545982019885,10.03,1.19,-0.52
1,1545982019886,10.01,1.46,-0.58
1,1545982019886,9.88,1.44,-0.52
1,1545982019948,9.53,1.3,-0.41
1,1545982019949,9.33,1.21,-0.46
1,1545982019949,9.33,1.09,-0.35
1,1545982019949,9.33,1.07,-0.64
1,1545982019949,9.27,0.97,-0.6
1,1545982019950,9.27,1.05,-0.66
1,1545982019950,9.35,1.26,-0.78
1,1545982019950,9.41,1.42,-0.68
1,1545982020026,9.39,1.28,-0.62
1,1545982020026,9.45,1.32,-0.66
1,1545982020037,9.55,1.46,-0.93
1,1545982020037,9.74,1.46,-1.3
1,1545982020038,9.9,1.67,-1.23
1,1545982020038,10.07,1.52,-0.89
1,1545982020038,10.05,1.23,-0.83
1,1545982020038,10.39,1.62,-0.97
1,1545982020095,10.54,1.62,-0.87
1,1545982020095,10.48,1.34,-0.68
1,1545982020095,10.39,1.09,-0.7
1,1545982020120,10.35,1.28,-0.78
1,1545982020121,10.25,1.52,-1.05
1,1545982020121,10.27,1.52,-1.05
1,1545982020121,10.21,1.32,-0.78
1,1545982020121,10.03,1.09,-0.37
1,1545982020176,9.96,1.34,-0.31
1,1545982020178,9.94,1.6,-0.41
1,1545982020185,10.0,1.64,-0.39
1,1545982020187,10.27,1.01,-0.56
1,1545982020189,10.35,1.07,-0.64
1,1545982020190,10.27,1.34,-0.7
1,1545982020191,10.21,1.5,-1.03
1,1545982020193,10.13,1.07,-0.74
1,1545982020245,10.09,0.93,-0.62
1,1545982020246,10.07,1.13,-0.76
1,1545982020252,10.11,1.26,-0.74
1,1545982020253,9.92,1.19,-0.66
1,1545982020253,9.92,1.26,-0.87
1,1545982020253,9.98,1.5,-0.93
1,1545982020253,9.86,1.48,-1.03
1,1545982020254,9.98,1.11,-0.99
1,1545982020323,9.92,1.17,-0.85
1,1545982020324,9.78,1.4,-0.89
1,1545982020324,9.76,1.64,-0.91
1,1545982020325,9.92,1.28,-1.13
1,1545982020338,10.05,0.85,-1.19
1,1545982020338,10.17,0.78,-1.28
1,1545982020339,10.17,1.15,-1.19
1,1545982020407,10.0,1.17,-0.97
1,1545982020408,10.0,0.99,-0.87
1,1545982020409,10.01,0.95,-0.7
1,1545982020410,9.86,0.85,-0.39
1,1545982020410,9.86,1.28,-0.78
1,1545982020411,10.0,1.54,-0.83
1,1545982020412,9.92,1.6,-0.64
1,1545982020413,9.82,1.28,-0.56
1,1545982020475,9.98,0.87,-0.58
1,1545982020476,10.0,1.21,-0.72
1,1545982020477,9.86,1.21,-0.7
1,1545982020477,9.84,1.13,-0.8
1,1545982020478,10.11,0.99,-1.07
1,1545982020479,10.13,1.17,-1.01
1,1545982020480,9.94,1.34,-0.85
1,1545982020548,9.94,1.48,-0.95
1,1545982020548,9.92,1.28,-0.8
1,1545982020548,9.8,1.23,-0.58
1,1545982020627,9.7,1.09,-0.5
1,1545982020643,9.82,1.13,-0.62
1,1545982020643,9.92,1.26,-0.85
1,1545982020644,9.72,1.09,-0.93
1,1545982020644,9.66,1.09,-0.95
1,1545982020644,9.7,1.15,-0.83
1,1545982020645,9.49,1.36,-0.42
1,1545982020645,9.19,1.25,-0.46
1,1545982020697,9.1,1.17,-0.42
1,1545982020704,9.16,1.07,-0.54
1,1545982020705,9.17,1.19,-0.82
1,1545982020705,9.35,1.19,-0.87
1,1545982020706,9.35,1.25,-0.83
1,1545982020706,9.47,1.54,-0.83
1,1545982020706,9.55,1.62,-0.64
1,1545982020706,9.58,1.48,-0.58
1,1545982020772,10.11,1.11,-0.72
1,1545982020772,10.31,1.32,-0.99
1,1545982020773,10.33,1.62,-1.19
1,1545982020792,10.35,1.6,-1.19
1,1545982020793,10.23,1.46,-0.82
1,1545982020794,10.27,1.5,-0.48
1,1545982020795,10.11,1.44,-0.17
1,1545982020796,9.96,1.4,-0.01
1,1545982020850,10.09,1.4,-0.19
1,1545982020852,10.13,1.34,-0.15
1,1545982020853,9.86,1.36,-0.21
1,1545982020854,9.82,1.48,-0.23
1,1545982020855,9.82,1.42,-0.31
1,1545982020855,9.64,1.19,-0.21
1,1545982020856,9.64,1.36,-0.21
1,1545982020857,9.62,1.42,-0.23
1,1545982020925,9.62,1.48,-0.31
1,1545982020926,10.0,1.42,-0.37
1,1545982020927,10.11,1.38,-0.25
1,1545982020928,10.09,1.44,-0.11
1,1545982020929,10.01,1.48,-0.13
1,1545982020929,10.19,1.25,-0.42
1,1545982020930,10.15,1.23,-0.33
1,1545982020931,9.94,1.4,-0.46
1,1545982021002,9.84,1.56,-0.42
1,1545982021004,9.68,1.4,-0.44
1,1545982021005,9.6,1.5,-0.33
1,1545982021006,9.58,1.56,-0.31
1,1545982021006,9.64,1.38,-0.31
1,1545982021007,9.84,1.23,-0.5
1,1545982021008,9.78,1.28,-0.62
1,1545982021009,9.72,1.44,-0.82
1,1545982021074,9.72,1.62,-0.87
1,1545982021075,9.72,1.36,-0.62
1,1545982021076,9.66,1.34,-0.54
1,1545982021076,9.57,1.38,-0.46
1,1545982021077,9.64,1.36,-0.52
1,1545982021077,9.84,1.23,-0.56
1,1545982021078,9.86,1.25,-0.7
1,1545982021151,9.92,1.34,-0.87
1,1545982021153,9.98,1.4,-0.99
1,1545982021154,10.0,1.46,-0.97
1,1545982021155,10.01,1.56,-0.74
1,1545982021156,9.9,1.54,-0.85
1,1545982021157,9.98,1.56,-0.95
1,1545982021158,9.96,1.42,-0.52
1,1545982021159,9.9,1.13,-0.37
1,1545982021227,9.88,1.11,-0.48
1,1545982021228,9.94,1.46,-0.7
1,1545982021228,9.96,1.36,-0.85
1,1545982021229,9.94,1.23,-0.95
1,1545982021229,10.01,1.34,-0.89
1,1545982021230,9.96,1.54,-0.95
1,1545982021233,9.76,1.58,-0.6
1,1545982021299,9.74,1.52,-0.52
1,1545982021300,9.82,1.48,-0.83
1,1545982021300,9.9,1.66,-1.01
1,1545982021313,9.8,1.79,-0.85
1,1545982021314,9.8,1.34,-0.7
1,1545982021315,9.86,1.13,-0.66
1,1545982021315,9.88,1.28,-0.76
1,1545982021316,9.94,1.48,-0.95
1,1545982021383,10.0,0.78,-1.03
1,1545982021395,10.01,0.27,-0.68
1,1545982021395,9.88,0.66,-0.56
1,1545982021396,9.74,0.74,-0.82
1,1545982021396,9.82,0.82,-0.72
1,1545982021396,9.9,0.8,-0.6
1,1545982021397,9.98,0.95,-0.6
1,1545982021445,10.21,1.07,-0.48
1,1545982021460,10.39,0.76,-0.62
1,1545982021460,10.42,0.7,-0.66
1,1545982021460,10.41,0.64,-0.56
1,1545982021460,10.82,0.74,-0.74
1,1545982021461,10.66,0.93,-0.44
1,1545982021461,10.7,1.15,-0.44
1,1545982021461,11.05,1.34,-0.25
